1
2 
1 1 2
1 2 2
1 3 2
1 4 2
1 5 2
1 6 2
1 7 2
1 8 2
1 9 2
2 0 2
2 1 2
2 2 2
2 3 2
2 4 2
2 5 2
2 6 2
2 7 2
2 8 2
2 9 2
3 0 11
3 1 12
3 2 13
3 3 14
3 4 15
3 5 16
3 6 17
3 7 18
3 8 19
3 9 20
4 0 11
4 1 12
4 2 13
4 3 14
4 4 15
4 5 16
4 6 17
4 7 18
4 8 19
4 9 20
5 0 11
5 1 12
5 2 13
5 3 14
5 4 15
5 5 16
5 6 17
5 7 18
5 8 19
5 9 20
6 0 11
6 1 12
6 2 13
6 3 14
6 4 15
6 5 16
6 6 17
6 7 18
6 8 19
6 9 20
7 0 11
7 1 12
7 2 13
7 3 14
7 4 15
7 5 16
7 6 17
7 7 18
7 8 19
7 9 20
8 0 11
8 1 12
8 2 13
8 3 14
8 4 15
8 5 16
8 6 17
8 7 18
8 8 19
8 9 20
9 0 11
9 1 12
9 2 13
9 3 14
9 4 15
9 5 16
9 6 17
9 7 18
9 8 19
9 9 20
10 0 11
10 1 12
10 2 13
10 3 14
10 4 15
10 5 16
10 6 17
10 7 18
10 8 19
10 9 20
11 0 11
11 1 12
11 2 13
11 3 14
11 4 15
11 5 16
11 6 17
11 7 18
11 8 19
11 9 20
12 0 11
12 1 12
12 2 13
12 3 14
12 4 15
12 5 16
12 6 17
12 7 18
12 8 19
12 9 20
13 0 11
13 1 12
13 2 13
13 3 14
13 4 15
13 5 16
13 6 17
13 7 18
13 8 19
13 9 20
14 0 11
14 1 12
14 2 13
14 3 14
14 4 15
14 5 16
14 6 17
14 7 18
14 8 19
14 9 20
15 0 11
15 1 12
15 2 13
15 3 14
15 4 15
15 5 16
15 6 17
15 7 18
15 8 19
15 9 20
16 0 11
16 1 12
16 2 13
16 3 14
16 4 15
16 5 16
16 6 17
16 7 18
16 8 19
16 9 20
17 0 11
17 1 12
17 2 13
17 3 14
17 4 15
17 5 16
17 6 17
17 7 18
17 8 19
17 9 20
18 0 11
18 1 12
18 2 13
18 3 14
18 4 15
18 5 16
18 6 17
18 7 18
18 8 19
18 9 20
19 0 11
19 1 12
19 2 13
19 3 14
19 4 15
19 5 16
19 6 17
19 7 18
19 8 19
19 9 20
20 0 11
20 1 12
20 2 13
20 3 14
20 4 15
20 5 16
20 6 17
20 7 18
20 8 19
20 9 20
