1
2 5 
1 0 4
1 1 4
1 2 4
1 3 4
1 4 4
1 5 4
1 6 4
1 7 4
1 8 4
1 9 4
2 . 12
2 0 2
2 1 2
2 2 2
2 3 2
2 4 2
2 5 2
2 6 2
2 7 2
2 8 2
2 9 2
2 E 23
2 e 24
3 + 3
3 - 3
3 . 12
3 0 2
3 1 2
3 2 2
3 3 2
3 4 2
3 5 2
3 6 2
3 7 2
3 8 2
3 9 2
3 E 23
3 e 24
4 . 6
4 0 4
4 1 4
4 2 4
4 3 4
4 4 4
4 5 4
4 6 4
4 7 4
4 8 4
4 9 4
4 E 3
4 e 3
5 . 12
5 0 5
5 1 5
5 2 5
5 3 5
5 4 5
5 5 5
5 6 5
5 7 5
5 8 5
5 9 5
5 E 3
5 e 3
6 . 12
6 0 5
6 1 5
6 2 5
6 3 5
6 4 5
6 5 5
6 6 5
6 7 5
6 8 5
6 9 5
6 E 23
6 e 24
7 . 12
7 0 13
7 1 14
7 2 15
7 3 16
7 4 17
7 5 18
7 6 19
7 7 20
7 8 21
7 9 22
7 E 23
7 e 24
8 . 12
8 0 13
8 1 14
8 2 15
8 3 16
8 4 17
8 5 18
8 6 19
8 7 20
8 8 21
8 9 22
8 E 23
8 e 24
9 . 12
9 0 13
9 1 14
9 2 15
9 3 16
9 4 17
9 5 18
9 6 19
9 7 20
9 8 21
9 9 22
9 E 23
9 e 24
10 . 12
10 0 13
10 1 14
10 2 15
10 3 16
10 4 17
10 5 18
10 6 19
10 7 20
10 8 21
10 9 22
10 E 23
10 e 24
11 . 12
11 0 13
11 1 14
11 2 15
11 3 16
11 4 17
11 5 18
11 6 19
11 7 20
11 8 21
11 9 22
11 E 23
11 e 24
12 0 25
12 1 26
12 2 27
12 3 28
12 4 29
12 5 30
12 6 31
12 7 32
12 8 33
12 9 34
13 . 12
13 0 13
13 1 14
13 2 15
13 3 16
13 4 17
13 5 18
13 6 19
13 7 20
13 8 21
13 9 22
13 E 23
13 e 24
14 . 12
14 0 13
14 1 14
14 2 15
14 3 16
14 4 17
14 5 18
14 6 19
14 7 20
14 8 21
14 9 22
14 E 23
14 e 24
15 . 12
15 0 13
15 1 14
15 2 15
15 3 16
15 4 17
15 5 18
15 6 19
15 7 20
15 8 21
15 9 22
15 E 23
15 e 24
16 . 12
16 0 13
16 1 14
16 2 15
16 3 16
16 4 17
16 5 18
16 6 19
16 7 20
16 8 21
16 9 22
16 E 23
16 e 24
17 . 12
17 0 13
17 1 14
17 2 15
17 3 16
17 4 17
17 5 18
17 6 19
17 7 20
17 8 21
17 9 22
17 E 23
17 e 24
18 . 12
18 0 13
18 1 14
18 2 15
18 3 16
18 4 17
18 5 18
18 6 19
18 7 20
18 8 21
18 9 22
18 E 23
18 e 24
19 . 12
19 0 13
19 1 14
19 2 15
19 3 16
19 4 17
19 5 18
19 6 19
19 7 20
19 8 21
19 9 22
19 E 23
19 e 24
20 . 12
20 0 13
20 1 14
20 2 15
20 3 16
20 4 17
20 5 18
20 6 19
20 7 20
20 8 21
20 9 22
20 E 23
20 e 24
21 . 12
21 0 13
21 1 14
21 2 15
21 3 16
21 4 17
21 5 18
21 6 19
21 7 20
21 8 21
21 9 22
21 E 23
21 e 24
22 . 12
22 0 13
22 1 14
22 2 15
22 3 16
22 4 17
22 5 18
22 6 19
22 7 20
22 8 21
22 9 22
22 E 23
22 e 24
23 + 35
23 - 36
23 0 37
23 1 38
23 2 39
23 3 40
23 4 41
23 5 42
23 6 43
23 7 44
23 8 45
23 9 46
24 + 35
24 - 36
24 0 37
24 1 38
24 2 39
24 3 40
24 4 41
24 5 42
24 6 43
24 7 44
24 8 45
24 9 46
25 0 47
25 1 48
25 2 49
25 3 50
25 4 51
25 5 52
25 6 53
25 7 54
25 8 55
25 9 56
25 E 57
25 e 58
26 0 47
26 1 48
26 2 49
26 3 50
26 4 51
26 5 52
26 6 53
26 7 54
26 8 55
26 9 56
26 E 57
26 e 58
27 0 47
27 1 48
27 2 49
27 3 50
27 4 51
27 5 52
27 6 53
27 7 54
27 8 55
27 9 56
27 E 57
27 e 58
28 0 47
28 1 48
28 2 49
28 3 50
28 4 51
28 5 52
28 6 53
28 7 54
28 8 55
28 9 56
28 E 57
28 e 58
29 0 47
29 1 48
29 2 49
29 3 50
29 4 51
29 5 52
29 6 53
29 7 54
29 8 55
29 9 56
29 E 57
29 e 58
30 0 47
30 1 48
30 2 49
30 3 50
30 4 51
30 5 52
30 6 53
30 7 54
30 8 55
30 9 56
30 E 57
30 e 58
31 0 47
31 1 48
31 2 49
31 3 50
31 4 51
31 5 52
31 6 53
31 7 54
31 8 55
31 9 56
31 E 57
31 e 58
32 0 47
32 1 48
32 2 49
32 3 50
32 4 51
32 5 52
32 6 53
32 7 54
32 8 55
32 9 56
32 E 57
32 e 58
33 0 47
33 1 48
33 2 49
33 3 50
33 4 51
33 5 52
33 6 53
33 7 54
33 8 55
33 9 56
33 E 57
33 e 58
34 0 47
34 1 48
34 2 49
34 3 50
34 4 51
34 5 52
34 6 53
34 7 54
34 8 55
34 9 56
34 E 57
34 e 58
35 0 37
35 1 38
35 2 39
35 3 40
35 4 41
35 5 42
35 6 43
35 7 44
35 8 45
35 9 46
36 0 37
36 1 38
36 2 39
36 3 40
36 4 41
36 5 42
36 6 43
36 7 44
36 8 45
36 9 46
37 0 59
37 1 60
37 2 61
37 3 62
37 4 63
37 5 64
37 6 65
37 7 66
37 8 67
37 9 68
38 0 59
38 1 60
38 2 61
38 3 62
38 4 63
38 5 64
38 6 65
38 7 66
38 8 67
38 9 68
39 0 59
39 1 60
39 2 61
39 3 62
39 4 63
39 5 64
39 6 65
39 7 66
39 8 67
39 9 68
40 0 59
40 1 60
40 2 61
40 3 62
40 4 63
40 5 64
40 6 65
40 7 66
40 8 67
40 9 68
41 0 59
41 1 60
41 2 61
41 3 62
41 4 63
41 5 64
41 6 65
41 7 66
41 8 67
41 9 68
42 0 59
42 1 60
42 2 61
42 3 62
42 4 63
42 5 64
42 6 65
42 7 66
42 8 67
42 9 68
43 0 59
43 1 60
43 2 61
43 3 62
43 4 63
43 5 64
43 6 65
43 7 66
43 8 67
43 9 68
44 0 59
44 1 60
44 2 61
44 3 62
44 4 63
44 5 64
44 6 65
44 7 66
44 8 67
44 9 68
45 0 59
45 1 60
45 2 61
45 3 62
45 4 63
45 5 64
45 6 65
45 7 66
45 8 67
45 9 68
46 0 59
46 1 60
46 2 61
46 3 62
46 4 63
46 5 64
46 6 65
46 7 66
46 8 67
46 9 68
47 0 47
47 1 48
47 2 49
47 3 50
47 4 51
47 5 52
47 6 53
47 7 54
47 8 55
47 9 56
47 E 57
47 e 58
48 0 47
48 1 48
48 2 49
48 3 50
48 4 51
48 5 52
48 6 53
48 7 54
48 8 55
48 9 56
48 E 57
48 e 58
49 0 47
49 1 48
49 2 49
49 3 50
49 4 51
49 5 52
49 6 53
49 7 54
49 8 55
49 9 56
49 E 57
49 e 58
50 0 47
50 1 48
50 2 49
50 3 50
50 4 51
50 5 52
50 6 53
50 7 54
50 8 55
50 9 56
50 E 57
50 e 58
51 0 47
51 1 48
51 2 49
51 3 50
51 4 51
51 5 52
51 6 53
51 7 54
51 8 55
51 9 56
51 E 57
51 e 58
52 0 47
52 1 48
52 2 49
52 3 50
52 4 51
52 5 52
52 6 53
52 7 54
52 8 55
52 9 56
52 E 57
52 e 58
53 0 47
53 1 48
53 2 49
53 3 50
53 4 51
53 5 52
53 6 53
53 7 54
53 8 55
53 9 56
53 E 57
53 e 58
54 0 47
54 1 48
54 2 49
54 3 50
54 4 51
54 5 52
54 6 53
54 7 54
54 8 55
54 9 56
54 E 57
54 e 58
55 0 47
55 1 48
55 2 49
55 3 50
55 4 51
55 5 52
55 6 53
55 7 54
55 8 55
55 9 56
55 E 57
55 e 58
56 0 47
56 1 48
56 2 49
56 3 50
56 4 51
56 5 52
56 6 53
56 7 54
56 8 55
56 9 56
56 E 57
56 e 58
57 + 69
57 - 70
57 0 71
57 1 72
57 2 73
57 3 74
57 4 75
57 5 76
57 6 77
57 7 78
57 8 79
57 9 80
58 + 69
58 - 70
58 0 71
58 1 72
58 2 73
58 3 74
58 4 75
58 5 76
58 6 77
58 7 78
58 8 79
58 9 80
59 0 59
59 1 60
59 2 61
59 3 62
59 4 63
59 5 64
59 6 65
59 7 66
59 8 67
59 9 68
60 0 59
60 1 60
60 2 61
60 3 62
60 4 63
60 5 64
60 6 65
60 7 66
60 8 67
60 9 68
61 0 59
61 1 60
61 2 61
61 3 62
61 4 63
61 5 64
61 6 65
61 7 66
61 8 67
61 9 68
62 0 59
62 1 60
62 2 61
62 3 62
62 4 63
62 5 64
62 6 65
62 7 66
62 8 67
62 9 68
63 0 59
63 1 60
63 2 61
63 3 62
63 4 63
63 5 64
63 6 65
63 7 66
63 8 67
63 9 68
64 0 59
64 1 60
64 2 61
64 3 62
64 4 63
64 5 64
64 6 65
64 7 66
64 8 67
64 9 68
65 0 59
65 1 60
65 2 61
65 3 62
65 4 63
65 5 64
65 6 65
65 7 66
65 8 67
65 9 68
66 0 59
66 1 60
66 2 61
66 3 62
66 4 63
66 5 64
66 6 65
66 7 66
66 8 67
66 9 68
67 0 59
67 1 60
67 2 61
67 3 62
67 4 63
67 5 64
67 6 65
67 7 66
67 8 67
67 9 68
68 0 59
68 1 60
68 2 61
68 3 62
68 4 63
68 5 64
68 6 65
68 7 66
68 8 67
68 9 68
69 0 71
69 1 72
69 2 73
69 3 74
69 4 75
69 5 76
69 6 77
69 7 78
69 8 79
69 9 80
70 0 71
70 1 72
70 2 73
70 3 74
70 4 75
70 5 76
70 6 77
70 7 78
70 8 79
70 9 80
71 0 81
71 1 82
71 2 83
71 3 84
71 4 85
71 5 86
71 6 87
71 7 88
71 8 89
71 9 90
72 0 81
72 1 82
72 2 83
72 3 84
72 4 85
72 5 86
72 6 87
72 7 88
72 8 89
72 9 90
73 0 81
73 1 82
73 2 83
73 3 84
73 4 85
73 5 86
73 6 87
73 7 88
73 8 89
73 9 90
74 0 81
74 1 82
74 2 83
74 3 84
74 4 85
74 5 86
74 6 87
74 7 88
74 8 89
74 9 90
75 0 81
75 1 82
75 2 83
75 3 84
75 4 85
75 5 86
75 6 87
75 7 88
75 8 89
75 9 90
76 0 81
76 1 82
76 2 83
76 3 84
76 4 85
76 5 86
76 6 87
76 7 88
76 8 89
76 9 90
77 0 81
77 1 82
77 2 83
77 3 84
77 4 85
77 5 86
77 6 87
77 7 88
77 8 89
77 9 90
78 0 81
78 1 82
78 2 83
78 3 84
78 4 85
78 5 86
78 6 87
78 7 88
78 8 89
78 9 90
79 0 81
79 1 82
79 2 83
79 3 84
79 4 85
79 5 86
79 6 87
79 7 88
79 8 89
79 9 90
80 0 81
80 1 82
80 2 83
80 3 84
80 4 85
80 5 86
80 6 87
80 7 88
80 8 89
80 9 90
81 0 81
81 1 82
81 2 83
81 3 84
81 4 85
81 5 86
81 6 87
81 7 88
81 8 89
81 9 90
82 0 81
82 1 82
82 2 83
82 3 84
82 4 85
82 5 86
82 6 87
82 7 88
82 8 89
82 9 90
83 0 81
83 1 82
83 2 83
83 3 84
83 4 85
83 5 86
83 6 87
83 7 88
83 8 89
83 9 90
84 0 81
84 1 82
84 2 83
84 3 84
84 4 85
84 5 86
84 6 87
84 7 88
84 8 89
84 9 90
85 0 81
85 1 82
85 2 83
85 3 84
85 4 85
85 5 86
85 6 87
85 7 88
85 8 89
85 9 90
86 0 81
86 1 82
86 2 83
86 3 84
86 4 85
86 5 86
86 6 87
86 7 88
86 8 89
86 9 90
87 0 81
87 1 82
87 2 83
87 3 84
87 4 85
87 5 86
87 6 87
87 7 88
87 8 89
87 9 90
88 0 81
88 1 82
88 2 83
88 3 84
88 4 85
88 5 86
88 6 87
88 7 88
88 8 89
88 9 90
89 0 81
89 1 82
89 2 83
89 3 84
89 4 85
89 5 86
89 6 87
89 7 88
89 8 89
89 9 90
90 0 81
90 1 82
90 2 83
90 3 84
90 4 85
90 5 86
90 6 87
90 7 88
90 8 89
90 9 90
