1
2 
1 0 4
2 0 2
2 1 2
2 2 2
2 3 2
2 4 2
2 5 2
2 6 2
2 7 2
2 8 2
2 9 2
2 A 2
2 B 2
2 C 2
2 D 2
2 E 2
2 F 2
2 X 3
2 a 2
2 b 2
2 c 2
2 d 2
2 e 2
2 f 2
2 x 4
3 0 2
3 1 2
3 2 2
3 3 2
3 4 2
3 5 2
3 6 2
3 7 2
3 8 2
3 9 2
3 A 2
3 B 2
3 C 2
3 D 2
3 E 2
3 F 2
3 a 2
3 b 2
3 c 2
3 d 2
3 e 2
3 f 2
4 0 5
4 1 6
4 2 7
4 3 8
4 4 9
4 5 10
4 6 11
4 7 12
4 8 13
4 9 14
4 A 15
4 B 16
4 C 17
4 D 18
4 E 19
4 F 20
4 X 3
4 a 21
4 b 22
4 c 23
4 d 24
4 e 25
4 f 26
4 x 3
5 0 27
5 1 28
5 2 29
5 3 30
5 4 31
5 5 32
5 6 33
5 7 34
5 8 35
5 9 36
5 A 37
5 B 38
5 C 39
5 D 40
5 E 41
5 F 42
5 a 43
5 b 44
5 c 45
5 d 46
5 e 47
5 f 48
6 0 27
6 1 28
6 2 29
6 3 30
6 4 31
6 5 32
6 6 33
6 7 34
6 8 35
6 9 36
6 A 37
6 B 38
6 C 39
6 D 40
6 E 41
6 F 42
6 a 43
6 b 44
6 c 45
6 d 46
6 e 47
6 f 48
7 0 27
7 1 28
7 2 29
7 3 30
7 4 31
7 5 32
7 6 33
7 7 34
7 8 35
7 9 36
7 A 37
7 B 38
7 C 39
7 D 40
7 E 41
7 F 42
7 a 43
7 b 44
7 c 45
7 d 46
7 e 47
7 f 48
8 0 27
8 1 28
8 2 29
8 3 30
8 4 31
8 5 32
8 6 33
8 7 34
8 8 35
8 9 36
8 A 37
8 B 38
8 C 39
8 D 40
8 E 41
8 F 42
8 a 43
8 b 44
8 c 45
8 d 46
8 e 47
8 f 48
9 0 27
9 1 28
9 2 29
9 3 30
9 4 31
9 5 32
9 6 33
9 7 34
9 8 35
9 9 36
9 A 37
9 B 38
9 C 39
9 D 40
9 E 41
9 F 42
9 a 43
9 b 44
9 c 45
9 d 46
9 e 47
9 f 48
10 0 27
10 1 28
10 2 29
10 3 30
10 4 31
10 5 32
10 6 33
10 7 34
10 8 35
10 9 36
10 A 37
10 B 38
10 C 39
10 D 40
10 E 41
10 F 42
10 a 43
10 b 44
10 c 45
10 d 46
10 e 47
10 f 48
11 0 27
11 1 28
11 2 29
11 3 30
11 4 31
11 5 32
11 6 33
11 7 34
11 8 35
11 9 36
11 A 37
11 B 38
11 C 39
11 D 40
11 E 41
11 F 42
11 a 43
11 b 44
11 c 45
11 d 46
11 e 47
11 f 48
12 0 27
12 1 28
12 2 29
12 3 30
12 4 31
12 5 32
12 6 33
12 7 34
12 8 35
12 9 36
12 A 37
12 B 38
12 C 39
12 D 40
12 E 41
12 F 42
12 a 43
12 b 44
12 c 45
12 d 46
12 e 47
12 f 48
13 0 27
13 1 28
13 2 29
13 3 30
13 4 31
13 5 32
13 6 33
13 7 34
13 8 35
13 9 36
13 A 37
13 B 38
13 C 39
13 D 40
13 E 41
13 F 42
13 a 43
13 b 44
13 c 45
13 d 46
13 e 47
13 f 48
14 0 27
14 1 28
14 2 29
14 3 30
14 4 31
14 5 32
14 6 33
14 7 34
14 8 35
14 9 36
14 A 37
14 B 38
14 C 39
14 D 40
14 E 41
14 F 42
14 a 43
14 b 44
14 c 45
14 d 46
14 e 47
14 f 48
15 0 27
15 1 28
15 2 29
15 3 30
15 4 31
15 5 32
15 6 33
15 7 34
15 8 35
15 9 36
15 A 37
15 B 38
15 C 39
15 D 40
15 E 41
15 F 42
15 a 43
15 b 44
15 c 45
15 d 46
15 e 47
15 f 48
16 0 27
16 1 28
16 2 29
16 3 30
16 4 31
16 5 32
16 6 33
16 7 34
16 8 35
16 9 36
16 A 37
16 B 38
16 C 39
16 D 40
16 E 41
16 F 42
16 a 43
16 b 44
16 c 45
16 d 46
16 e 47
16 f 48
17 0 27
17 1 28
17 2 29
17 3 30
17 4 31
17 5 32
17 6 33
17 7 34
17 8 35
17 9 36
17 A 37
17 B 38
17 C 39
17 D 40
17 E 41
17 F 42
17 a 43
17 b 44
17 c 45
17 d 46
17 e 47
17 f 48
18 0 27
18 1 28
18 2 29
18 3 30
18 4 31
18 5 32
18 6 33
18 7 34
18 8 35
18 9 36
18 A 37
18 B 38
18 C 39
18 D 40
18 E 41
18 F 42
18 a 43
18 b 44
18 c 45
18 d 46
18 e 47
18 f 48
19 0 27
19 1 28
19 2 29
19 3 30
19 4 31
19 5 32
19 6 33
19 7 34
19 8 35
19 9 36
19 A 37
19 B 38
19 C 39
19 D 40
19 E 41
19 F 42
19 a 43
19 b 44
19 c 45
19 d 46
19 e 47
19 f 48
20 0 27
20 1 28
20 2 29
20 3 30
20 4 31
20 5 32
20 6 33
20 7 34
20 8 35
20 9 36
20 A 37
20 B 38
20 C 39
20 D 40
20 E 41
20 F 42
20 a 43
20 b 44
20 c 45
20 d 46
20 e 47
20 f 48
21 0 27
21 1 28
21 2 29
21 3 30
21 4 31
21 5 32
21 6 33
21 7 34
21 8 35
21 9 36
21 A 37
21 B 38
21 C 39
21 D 40
21 E 41
21 F 42
21 a 43
21 b 44
21 c 45
21 d 46
21 e 47
21 f 48
22 0 27
22 1 28
22 2 29
22 3 30
22 4 31
22 5 32
22 6 33
22 7 34
22 8 35
22 9 36
22 A 37
22 B 38
22 C 39
22 D 40
22 E 41
22 F 42
22 a 43
22 b 44
22 c 45
22 d 46
22 e 47
22 f 48
23 0 27
23 1 28
23 2 29
23 3 30
23 4 31
23 5 32
23 6 33
23 7 34
23 8 35
23 9 36
23 A 37
23 B 38
23 C 39
23 D 40
23 E 41
23 F 42
23 a 43
23 b 44
23 c 45
23 d 46
23 e 47
23 f 48
24 0 27
24 1 28
24 2 29
24 3 30
24 4 31
24 5 32
24 6 33
24 7 34
24 8 35
24 9 36
24 A 37
24 B 38
24 C 39
24 D 40
24 E 41
24 F 42
24 a 43
24 b 44
24 c 45
24 d 46
24 e 47
24 f 48
25 0 27
25 1 28
25 2 29
25 3 30
25 4 31
25 5 32
25 6 33
25 7 34
25 8 35
25 9 36
25 A 37
25 B 38
25 C 39
25 D 40
25 E 41
25 F 42
25 a 43
25 b 44
25 c 45
25 d 46
25 e 47
25 f 48
26 0 27
26 1 28
26 2 29
26 3 30
26 4 31
26 5 32
26 6 33
26 7 34
26 8 35
26 9 36
26 A 37
26 B 38
26 C 39
26 D 40
26 E 41
26 F 42
26 a 43
26 b 44
26 c 45
26 d 46
26 e 47
26 f 48
27 0 27
27 1 28
27 2 29
27 3 30
27 4 31
27 5 32
27 6 33
27 7 34
27 8 35
27 9 36
27 A 37
27 B 38
27 C 39
27 D 40
27 E 41
27 F 42
27 a 43
27 b 44
27 c 45
27 d 46
27 e 47
27 f 48
28 0 27
28 1 28
28 2 29
28 3 30
28 4 31
28 5 32
28 6 33
28 7 34
28 8 35
28 9 36
28 A 37
28 B 38
28 C 39
28 D 40
28 E 41
28 F 42
28 a 43
28 b 44
28 c 45
28 d 46
28 e 47
28 f 48
29 0 27
29 1 28
29 2 29
29 3 30
29 4 31
29 5 32
29 6 33
29 7 34
29 8 35
29 9 36
29 A 37
29 B 38
29 C 39
29 D 40
29 E 41
29 F 42
29 a 43
29 b 44
29 c 45
29 d 46
29 e 47
29 f 48
30 0 27
30 1 28
30 2 29
30 3 30
30 4 31
30 5 32
30 6 33
30 7 34
30 8 35
30 9 36
30 A 37
30 B 38
30 C 39
30 D 40
30 E 41
30 F 42
30 a 43
30 b 44
30 c 45
30 d 46
30 e 47
30 f 48
31 0 27
31 1 28
31 2 29
31 3 30
31 4 31
31 5 32
31 6 33
31 7 34
31 8 35
31 9 36
31 A 37
31 B 38
31 C 39
31 D 40
31 E 41
31 F 42
31 a 43
31 b 44
31 c 45
31 d 46
31 e 47
31 f 48
32 0 27
32 1 28
32 2 29
32 3 30
32 4 31
32 5 32
32 6 33
32 7 34
32 8 35
32 9 36
32 A 37
32 B 38
32 C 39
32 D 40
32 E 41
32 F 42
32 a 43
32 b 44
32 c 45
32 d 46
32 e 47
32 f 48
33 0 27
33 1 28
33 2 29
33 3 30
33 4 31
33 5 32
33 6 33
33 7 34
33 8 35
33 9 36
33 A 37
33 B 38
33 C 39
33 D 40
33 E 41
33 F 42
33 a 43
33 b 44
33 c 45
33 d 46
33 e 47
33 f 48
34 0 27
34 1 28
34 2 29
34 3 30
34 4 31
34 5 32
34 6 33
34 7 34
34 8 35
34 9 36
34 A 37
34 B 38
34 C 39
34 D 40
34 E 41
34 F 42
34 a 43
34 b 44
34 c 45
34 d 46
34 e 47
34 f 48
35 0 27
35 1 28
35 2 29
35 3 30
35 4 31
35 5 32
35 6 33
35 7 34
35 8 35
35 9 36
35 A 37
35 B 38
35 C 39
35 D 40
35 E 41
35 F 42
35 a 43
35 b 44
35 c 45
35 d 46
35 e 47
35 f 48
36 0 27
36 1 28
36 2 29
36 3 30
36 4 31
36 5 32
36 6 33
36 7 34
36 8 35
36 9 36
36 A 37
36 B 38
36 C 39
36 D 40
36 E 41
36 F 42
36 a 43
36 b 44
36 c 45
36 d 46
36 e 47
36 f 48
37 0 27
37 1 28
37 2 29
37 3 30
37 4 31
37 5 32
37 6 33
37 7 34
37 8 35
37 9 36
37 A 37
37 B 38
37 C 39
37 D 40
37 E 41
37 F 42
37 a 43
37 b 44
37 c 45
37 d 46
37 e 47
37 f 48
38 0 27
38 1 28
38 2 29
38 3 30
38 4 31
38 5 32
38 6 33
38 7 34
38 8 35
38 9 36
38 A 37
38 B 38
38 C 39
38 D 40
38 E 41
38 F 42
38 a 43
38 b 44
38 c 45
38 d 46
38 e 47
38 f 48
39 0 27
39 1 28
39 2 29
39 3 30
39 4 31
39 5 32
39 6 33
39 7 34
39 8 35
39 9 36
39 A 37
39 B 38
39 C 39
39 D 40
39 E 41
39 F 42
39 a 43
39 b 44
39 c 45
39 d 46
39 e 47
39 f 48
40 0 27
40 1 28
40 2 29
40 3 30
40 4 31
40 5 32
40 6 33
40 7 34
40 8 35
40 9 36
40 A 37
40 B 38
40 C 39
40 D 40
40 E 41
40 F 42
40 a 43
40 b 44
40 c 45
40 d 46
40 e 47
40 f 48
41 0 27
41 1 28
41 2 29
41 3 30
41 4 31
41 5 32
41 6 33
41 7 34
41 8 35
41 9 36
41 A 37
41 B 38
41 C 39
41 D 40
41 E 41
41 F 42
41 a 43
41 b 44
41 c 45
41 d 46
41 e 47
41 f 48
42 0 27
42 1 28
42 2 29
42 3 30
42 4 31
42 5 32
42 6 33
42 7 34
42 8 35
42 9 36
42 A 37
42 B 38
42 C 39
42 D 40
42 E 41
42 F 42
42 a 43
42 b 44
42 c 45
42 d 46
42 e 47
42 f 48
43 0 27
43 1 28
43 2 29
43 3 30
43 4 31
43 5 32
43 6 33
43 7 34
43 8 35
43 9 36
43 A 37
43 B 38
43 C 39
43 D 40
43 E 41
43 F 42
43 a 43
43 b 44
43 c 45
43 d 46
43 e 47
43 f 48
44 0 27
44 1 28
44 2 29
44 3 30
44 4 31
44 5 32
44 6 33
44 7 34
44 8 35
44 9 36
44 A 37
44 B 38
44 C 39
44 D 40
44 E 41
44 F 42
44 a 43
44 b 44
44 c 45
44 d 46
44 e 47
44 f 48
45 0 27
45 1 28
45 2 29
45 3 30
45 4 31
45 5 32
45 6 33
45 7 34
45 8 35
45 9 36
45 A 37
45 B 38
45 C 39
45 D 40
45 E 41
45 F 42
45 a 43
45 b 44
45 c 45
45 d 46
45 e 47
45 f 48
46 0 27
46 1 28
46 2 29
46 3 30
46 4 31
46 5 32
46 6 33
46 7 34
46 8 35
46 9 36
46 A 37
46 B 38
46 C 39
46 D 40
46 E 41
46 F 42
46 a 43
46 b 44
46 c 45
46 d 46
46 e 47
46 f 48
47 0 27
47 1 28
47 2 29
47 3 30
47 4 31
47 5 32
47 6 33
47 7 34
47 8 35
47 9 36
47 A 37
47 B 38
47 C 39
47 D 40
47 E 41
47 F 42
47 a 43
47 b 44
47 c 45
47 d 46
47 e 47
47 f 48
48 0 27
48 1 28
48 2 29
48 3 30
48 4 31
48 5 32
48 6 33
48 7 34
48 8 35
48 9 36
48 A 37
48 B 38
48 C 39
48 D 40
48 E 41
48 F 42
48 a 43
48 b 44
48 c 45
48 d 46
48 e 47
48 f 48
