1
2 
1 A 2
1 B 2
1 C 2
1 D 2
1 E 2
1 F 2
1 G 2
1 H 2
1 I 2
1 J 2
1 K 2
1 L 2
1 M 2
1 N 2
1 O 2
1 P 2
1 Q 2
1 R 2
1 S 2
1 T 2
1 U 2
1 V 2
1 W 2
1 X 2
1 Y 2
1 Z 2
1 _ 2
1 a 2
1 b 2
1 c 2
1 d 2
1 e 2
1 f 2
1 g 2
1 h 2
1 i 2
1 j 2
1 k 2
1 l 2
1 m 2
1 n 2
1 o 2
1 p 2
1 q 2
1 r 2
1 s 2
1 t 2
1 u 2
1 v 2
1 w 2
1 x 2
1 y 2
1 z 2
2 0 2
2 1 2
2 2 2
2 3 2
2 4 2
2 5 2
2 6 2
2 7 2
2 8 2
2 9 2
2 A 2
2 B 2
2 C 2
2 D 2
2 E 2
2 F 2
2 G 2
2 H 2
2 I 2
2 J 2
2 K 2
2 L 2
2 M 2
2 N 2
2 O 2
2 P 2
2 Q 2
2 R 2
2 S 2
2 T 2
2 U 2
2 V 2
2 W 2
2 X 2
2 Y 2
2 Z 2
2 _ 2
2 a 2
2 b 2
2 c 2
2 d 2
2 e 2
2 f 2
2 g 2
2 h 2
2 i 2
2 j 2
2 k 2
2 l 2
2 m 2
2 n 2
2 o 2
2 p 2
2 q 2
2 r 2
2 s 2
2 t 2
2 u 2
2 v 2
2 w 2
2 x 2
2 y 2
2 z 2
3 0 55
3 1 56
3 2 57
3 3 58
3 4 59
3 5 60
3 6 61
3 7 62
3 8 63
3 9 64
3 A 65
3 B 66
3 C 67
3 D 68
3 E 69
3 F 70
3 G 71
3 H 72
3 I 73
3 J 74
3 K 75
3 L 76
3 M 77
3 N 78
3 O 79
3 P 80
3 Q 81
3 R 82
3 S 83
3 T 84
3 U 85
3 V 86
3 W 87
3 X 88
3 Y 89
3 Z 90
3 _ 91
3 a 92
3 b 93
3 c 94
3 d 95
3 e 96
3 f 97
3 g 98
3 h 99
3 i 100
3 j 101
3 k 102
3 l 103
3 m 104
3 n 105
3 o 106
3 p 107
3 q 108
3 r 109
3 s 110
3 t 111
3 u 112
3 v 113
3 w 114
3 x 115
3 y 116
3 z 117
4 0 55
4 1 56
4 2 57
4 3 58
4 4 59
4 5 60
4 6 61
4 7 62
4 8 63
4 9 64
4 A 65
4 B 66
4 C 67
4 D 68
4 E 69
4 F 70
4 G 71
4 H 72
4 I 73
4 J 74
4 K 75
4 L 76
4 M 77
4 N 78
4 O 79
4 P 80
4 Q 81
4 R 82
4 S 83
4 T 84
4 U 85
4 V 86
4 W 87
4 X 88
4 Y 89
4 Z 90
4 _ 91
4 a 92
4 b 93
4 c 94
4 d 95
4 e 96
4 f 97
4 g 98
4 h 99
4 i 100
4 j 101
4 k 102
4 l 103
4 m 104
4 n 105
4 o 106
4 p 107
4 q 108
4 r 109
4 s 110
4 t 111
4 u 112
4 v 113
4 w 114
4 x 115
4 y 116
4 z 117
5 0 55
5 1 56
5 2 57
5 3 58
5 4 59
5 5 60
5 6 61
5 7 62
5 8 63
5 9 64
5 A 65
5 B 66
5 C 67
5 D 68
5 E 69
5 F 70
5 G 71
5 H 72
5 I 73
5 J 74
5 K 75
5 L 76
5 M 77
5 N 78
5 O 79
5 P 80
5 Q 81
5 R 82
5 S 83
5 T 84
5 U 85
5 V 86
5 W 87
5 X 88
5 Y 89
5 Z 90
5 _ 91
5 a 92
5 b 93
5 c 94
5 d 95
5 e 96
5 f 97
5 g 98
5 h 99
5 i 100
5 j 101
5 k 102
5 l 103
5 m 104
5 n 105
5 o 106
5 p 107
5 q 108
5 r 109
5 s 110
5 t 111
5 u 112
5 v 113
5 w 114
5 x 115
5 y 116
5 z 117
6 0 55
6 1 56
6 2 57
6 3 58
6 4 59
6 5 60
6 6 61
6 7 62
6 8 63
6 9 64
6 A 65
6 B 66
6 C 67
6 D 68
6 E 69
6 F 70
6 G 71
6 H 72
6 I 73
6 J 74
6 K 75
6 L 76
6 M 77
6 N 78
6 O 79
6 P 80
6 Q 81
6 R 82
6 S 83
6 T 84
6 U 85
6 V 86
6 W 87
6 X 88
6 Y 89
6 Z 90
6 _ 91
6 a 92
6 b 93
6 c 94
6 d 95
6 e 96
6 f 97
6 g 98
6 h 99
6 i 100
6 j 101
6 k 102
6 l 103
6 m 104
6 n 105
6 o 106
6 p 107
6 q 108
6 r 109
6 s 110
6 t 111
6 u 112
6 v 113
6 w 114
6 x 115
6 y 116
6 z 117
7 0 55
7 1 56
7 2 57
7 3 58
7 4 59
7 5 60
7 6 61
7 7 62
7 8 63
7 9 64
7 A 65
7 B 66
7 C 67
7 D 68
7 E 69
7 F 70
7 G 71
7 H 72
7 I 73
7 J 74
7 K 75
7 L 76
7 M 77
7 N 78
7 O 79
7 P 80
7 Q 81
7 R 82
7 S 83
7 T 84
7 U 85
7 V 86
7 W 87
7 X 88
7 Y 89
7 Z 90
7 _ 91
7 a 92
7 b 93
7 c 94
7 d 95
7 e 96
7 f 97
7 g 98
7 h 99
7 i 100
7 j 101
7 k 102
7 l 103
7 m 104
7 n 105
7 o 106
7 p 107
7 q 108
7 r 109
7 s 110
7 t 111
7 u 112
7 v 113
7 w 114
7 x 115
7 y 116
7 z 117
8 0 55
8 1 56
8 2 57
8 3 58
8 4 59
8 5 60
8 6 61
8 7 62
8 8 63
8 9 64
8 A 65
8 B 66
8 C 67
8 D 68
8 E 69
8 F 70
8 G 71
8 H 72
8 I 73
8 J 74
8 K 75
8 L 76
8 M 77
8 N 78
8 O 79
8 P 80
8 Q 81
8 R 82
8 S 83
8 T 84
8 U 85
8 V 86
8 W 87
8 X 88
8 Y 89
8 Z 90
8 _ 91
8 a 92
8 b 93
8 c 94
8 d 95
8 e 96
8 f 97
8 g 98
8 h 99
8 i 100
8 j 101
8 k 102
8 l 103
8 m 104
8 n 105
8 o 106
8 p 107
8 q 108
8 r 109
8 s 110
8 t 111
8 u 112
8 v 113
8 w 114
8 x 115
8 y 116
8 z 117
9 0 55
9 1 56
9 2 57
9 3 58
9 4 59
9 5 60
9 6 61
9 7 62
9 8 63
9 9 64
9 A 65
9 B 66
9 C 67
9 D 68
9 E 69
9 F 70
9 G 71
9 H 72
9 I 73
9 J 74
9 K 75
9 L 76
9 M 77
9 N 78
9 O 79
9 P 80
9 Q 81
9 R 82
9 S 83
9 T 84
9 U 85
9 V 86
9 W 87
9 X 88
9 Y 89
9 Z 90
9 _ 91
9 a 92
9 b 93
9 c 94
9 d 95
9 e 96
9 f 97
9 g 98
9 h 99
9 i 100
9 j 101
9 k 102
9 l 103
9 m 104
9 n 105
9 o 106
9 p 107
9 q 108
9 r 109
9 s 110
9 t 111
9 u 112
9 v 113
9 w 114
9 x 115
9 y 116
9 z 117
10 0 55
10 1 56
10 2 57
10 3 58
10 4 59
10 5 60
10 6 61
10 7 62
10 8 63
10 9 64
10 A 65
10 B 66
10 C 67
10 D 68
10 E 69
10 F 70
10 G 71
10 H 72
10 I 73
10 J 74
10 K 75
10 L 76
10 M 77
10 N 78
10 O 79
10 P 80
10 Q 81
10 R 82
10 S 83
10 T 84
10 U 85
10 V 86
10 W 87
10 X 88
10 Y 89
10 Z 90
10 _ 91
10 a 92
10 b 93
10 c 94
10 d 95
10 e 96
10 f 97
10 g 98
10 h 99
10 i 100
10 j 101
10 k 102
10 l 103
10 m 104
10 n 105
10 o 106
10 p 107
10 q 108
10 r 109
10 s 110
10 t 111
10 u 112
10 v 113
10 w 114
10 x 115
10 y 116
10 z 117
11 0 55
11 1 56
11 2 57
11 3 58
11 4 59
11 5 60
11 6 61
11 7 62
11 8 63
11 9 64
11 A 65
11 B 66
11 C 67
11 D 68
11 E 69
11 F 70
11 G 71
11 H 72
11 I 73
11 J 74
11 K 75
11 L 76
11 M 77
11 N 78
11 O 79
11 P 80
11 Q 81
11 R 82
11 S 83
11 T 84
11 U 85
11 V 86
11 W 87
11 X 88
11 Y 89
11 Z 90
11 _ 91
11 a 92
11 b 93
11 c 94
11 d 95
11 e 96
11 f 97
11 g 98
11 h 99
11 i 100
11 j 101
11 k 102
11 l 103
11 m 104
11 n 105
11 o 106
11 p 107
11 q 108
11 r 109
11 s 110
11 t 111
11 u 112
11 v 113
11 w 114
11 x 115
11 y 116
11 z 117
12 0 55
12 1 56
12 2 57
12 3 58
12 4 59
12 5 60
12 6 61
12 7 62
12 8 63
12 9 64
12 A 65
12 B 66
12 C 67
12 D 68
12 E 69
12 F 70
12 G 71
12 H 72
12 I 73
12 J 74
12 K 75
12 L 76
12 M 77
12 N 78
12 O 79
12 P 80
12 Q 81
12 R 82
12 S 83
12 T 84
12 U 85
12 V 86
12 W 87
12 X 88
12 Y 89
12 Z 90
12 _ 91
12 a 92
12 b 93
12 c 94
12 d 95
12 e 96
12 f 97
12 g 98
12 h 99
12 i 100
12 j 101
12 k 102
12 l 103
12 m 104
12 n 105
12 o 106
12 p 107
12 q 108
12 r 109
12 s 110
12 t 111
12 u 112
12 v 113
12 w 114
12 x 115
12 y 116
12 z 117
13 0 55
13 1 56
13 2 57
13 3 58
13 4 59
13 5 60
13 6 61
13 7 62
13 8 63
13 9 64
13 A 65
13 B 66
13 C 67
13 D 68
13 E 69
13 F 70
13 G 71
13 H 72
13 I 73
13 J 74
13 K 75
13 L 76
13 M 77
13 N 78
13 O 79
13 P 80
13 Q 81
13 R 82
13 S 83
13 T 84
13 U 85
13 V 86
13 W 87
13 X 88
13 Y 89
13 Z 90
13 _ 91
13 a 92
13 b 93
13 c 94
13 d 95
13 e 96
13 f 97
13 g 98
13 h 99
13 i 100
13 j 101
13 k 102
13 l 103
13 m 104
13 n 105
13 o 106
13 p 107
13 q 108
13 r 109
13 s 110
13 t 111
13 u 112
13 v 113
13 w 114
13 x 115
13 y 116
13 z 117
14 0 55
14 1 56
14 2 57
14 3 58
14 4 59
14 5 60
14 6 61
14 7 62
14 8 63
14 9 64
14 A 65
14 B 66
14 C 67
14 D 68
14 E 69
14 F 70
14 G 71
14 H 72
14 I 73
14 J 74
14 K 75
14 L 76
14 M 77
14 N 78
14 O 79
14 P 80
14 Q 81
14 R 82
14 S 83
14 T 84
14 U 85
14 V 86
14 W 87
14 X 88
14 Y 89
14 Z 90
14 _ 91
14 a 92
14 b 93
14 c 94
14 d 95
14 e 96
14 f 97
14 g 98
14 h 99
14 i 100
14 j 101
14 k 102
14 l 103
14 m 104
14 n 105
14 o 106
14 p 107
14 q 108
14 r 109
14 s 110
14 t 111
14 u 112
14 v 113
14 w 114
14 x 115
14 y 116
14 z 117
15 0 55
15 1 56
15 2 57
15 3 58
15 4 59
15 5 60
15 6 61
15 7 62
15 8 63
15 9 64
15 A 65
15 B 66
15 C 67
15 D 68
15 E 69
15 F 70
15 G 71
15 H 72
15 I 73
15 J 74
15 K 75
15 L 76
15 M 77
15 N 78
15 O 79
15 P 80
15 Q 81
15 R 82
15 S 83
15 T 84
15 U 85
15 V 86
15 W 87
15 X 88
15 Y 89
15 Z 90
15 _ 91
15 a 92
15 b 93
15 c 94
15 d 95
15 e 96
15 f 97
15 g 98
15 h 99
15 i 100
15 j 101
15 k 102
15 l 103
15 m 104
15 n 105
15 o 106
15 p 107
15 q 108
15 r 109
15 s 110
15 t 111
15 u 112
15 v 113
15 w 114
15 x 115
15 y 116
15 z 117
16 0 55
16 1 56
16 2 57
16 3 58
16 4 59
16 5 60
16 6 61
16 7 62
16 8 63
16 9 64
16 A 65
16 B 66
16 C 67
16 D 68
16 E 69
16 F 70
16 G 71
16 H 72
16 I 73
16 J 74
16 K 75
16 L 76
16 M 77
16 N 78
16 O 79
16 P 80
16 Q 81
16 R 82
16 S 83
16 T 84
16 U 85
16 V 86
16 W 87
16 X 88
16 Y 89
16 Z 90
16 _ 91
16 a 92
16 b 93
16 c 94
16 d 95
16 e 96
16 f 97
16 g 98
16 h 99
16 i 100
16 j 101
16 k 102
16 l 103
16 m 104
16 n 105
16 o 106
16 p 107
16 q 108
16 r 109
16 s 110
16 t 111
16 u 112
16 v 113
16 w 114
16 x 115
16 y 116
16 z 117
17 0 55
17 1 56
17 2 57
17 3 58
17 4 59
17 5 60
17 6 61
17 7 62
17 8 63
17 9 64
17 A 65
17 B 66
17 C 67
17 D 68
17 E 69
17 F 70
17 G 71
17 H 72
17 I 73
17 J 74
17 K 75
17 L 76
17 M 77
17 N 78
17 O 79
17 P 80
17 Q 81
17 R 82
17 S 83
17 T 84
17 U 85
17 V 86
17 W 87
17 X 88
17 Y 89
17 Z 90
17 _ 91
17 a 92
17 b 93
17 c 94
17 d 95
17 e 96
17 f 97
17 g 98
17 h 99
17 i 100
17 j 101
17 k 102
17 l 103
17 m 104
17 n 105
17 o 106
17 p 107
17 q 108
17 r 109
17 s 110
17 t 111
17 u 112
17 v 113
17 w 114
17 x 115
17 y 116
17 z 117
18 0 55
18 1 56
18 2 57
18 3 58
18 4 59
18 5 60
18 6 61
18 7 62
18 8 63
18 9 64
18 A 65
18 B 66
18 C 67
18 D 68
18 E 69
18 F 70
18 G 71
18 H 72
18 I 73
18 J 74
18 K 75
18 L 76
18 M 77
18 N 78
18 O 79
18 P 80
18 Q 81
18 R 82
18 S 83
18 T 84
18 U 85
18 V 86
18 W 87
18 X 88
18 Y 89
18 Z 90
18 _ 91
18 a 92
18 b 93
18 c 94
18 d 95
18 e 96
18 f 97
18 g 98
18 h 99
18 i 100
18 j 101
18 k 102
18 l 103
18 m 104
18 n 105
18 o 106
18 p 107
18 q 108
18 r 109
18 s 110
18 t 111
18 u 112
18 v 113
18 w 114
18 x 115
18 y 116
18 z 117
19 0 55
19 1 56
19 2 57
19 3 58
19 4 59
19 5 60
19 6 61
19 7 62
19 8 63
19 9 64
19 A 65
19 B 66
19 C 67
19 D 68
19 E 69
19 F 70
19 G 71
19 H 72
19 I 73
19 J 74
19 K 75
19 L 76
19 M 77
19 N 78
19 O 79
19 P 80
19 Q 81
19 R 82
19 S 83
19 T 84
19 U 85
19 V 86
19 W 87
19 X 88
19 Y 89
19 Z 90
19 _ 91
19 a 92
19 b 93
19 c 94
19 d 95
19 e 96
19 f 97
19 g 98
19 h 99
19 i 100
19 j 101
19 k 102
19 l 103
19 m 104
19 n 105
19 o 106
19 p 107
19 q 108
19 r 109
19 s 110
19 t 111
19 u 112
19 v 113
19 w 114
19 x 115
19 y 116
19 z 117
20 0 55
20 1 56
20 2 57
20 3 58
20 4 59
20 5 60
20 6 61
20 7 62
20 8 63
20 9 64
20 A 65
20 B 66
20 C 67
20 D 68
20 E 69
20 F 70
20 G 71
20 H 72
20 I 73
20 J 74
20 K 75
20 L 76
20 M 77
20 N 78
20 O 79
20 P 80
20 Q 81
20 R 82
20 S 83
20 T 84
20 U 85
20 V 86
20 W 87
20 X 88
20 Y 89
20 Z 90
20 _ 91
20 a 92
20 b 93
20 c 94
20 d 95
20 e 96
20 f 97
20 g 98
20 h 99
20 i 100
20 j 101
20 k 102
20 l 103
20 m 104
20 n 105
20 o 106
20 p 107
20 q 108
20 r 109
20 s 110
20 t 111
20 u 112
20 v 113
20 w 114
20 x 115
20 y 116
20 z 117
21 0 55
21 1 56
21 2 57
21 3 58
21 4 59
21 5 60
21 6 61
21 7 62
21 8 63
21 9 64
21 A 65
21 B 66
21 C 67
21 D 68
21 E 69
21 F 70
21 G 71
21 H 72
21 I 73
21 J 74
21 K 75
21 L 76
21 M 77
21 N 78
21 O 79
21 P 80
21 Q 81
21 R 82
21 S 83
21 T 84
21 U 85
21 V 86
21 W 87
21 X 88
21 Y 89
21 Z 90
21 _ 91
21 a 92
21 b 93
21 c 94
21 d 95
21 e 96
21 f 97
21 g 98
21 h 99
21 i 100
21 j 101
21 k 102
21 l 103
21 m 104
21 n 105
21 o 106
21 p 107
21 q 108
21 r 109
21 s 110
21 t 111
21 u 112
21 v 113
21 w 114
21 x 115
21 y 116
21 z 117
22 0 55
22 1 56
22 2 57
22 3 58
22 4 59
22 5 60
22 6 61
22 7 62
22 8 63
22 9 64
22 A 65
22 B 66
22 C 67
22 D 68
22 E 69
22 F 70
22 G 71
22 H 72
22 I 73
22 J 74
22 K 75
22 L 76
22 M 77
22 N 78
22 O 79
22 P 80
22 Q 81
22 R 82
22 S 83
22 T 84
22 U 85
22 V 86
22 W 87
22 X 88
22 Y 89
22 Z 90
22 _ 91
22 a 92
22 b 93
22 c 94
22 d 95
22 e 96
22 f 97
22 g 98
22 h 99
22 i 100
22 j 101
22 k 102
22 l 103
22 m 104
22 n 105
22 o 106
22 p 107
22 q 108
22 r 109
22 s 110
22 t 111
22 u 112
22 v 113
22 w 114
22 x 115
22 y 116
22 z 117
23 0 55
23 1 56
23 2 57
23 3 58
23 4 59
23 5 60
23 6 61
23 7 62
23 8 63
23 9 64
23 A 65
23 B 66
23 C 67
23 D 68
23 E 69
23 F 70
23 G 71
23 H 72
23 I 73
23 J 74
23 K 75
23 L 76
23 M 77
23 N 78
23 O 79
23 P 80
23 Q 81
23 R 82
23 S 83
23 T 84
23 U 85
23 V 86
23 W 87
23 X 88
23 Y 89
23 Z 90
23 _ 91
23 a 92
23 b 93
23 c 94
23 d 95
23 e 96
23 f 97
23 g 98
23 h 99
23 i 100
23 j 101
23 k 102
23 l 103
23 m 104
23 n 105
23 o 106
23 p 107
23 q 108
23 r 109
23 s 110
23 t 111
23 u 112
23 v 113
23 w 114
23 x 115
23 y 116
23 z 117
24 0 55
24 1 56
24 2 57
24 3 58
24 4 59
24 5 60
24 6 61
24 7 62
24 8 63
24 9 64
24 A 65
24 B 66
24 C 67
24 D 68
24 E 69
24 F 70
24 G 71
24 H 72
24 I 73
24 J 74
24 K 75
24 L 76
24 M 77
24 N 78
24 O 79
24 P 80
24 Q 81
24 R 82
24 S 83
24 T 84
24 U 85
24 V 86
24 W 87
24 X 88
24 Y 89
24 Z 90
24 _ 91
24 a 92
24 b 93
24 c 94
24 d 95
24 e 96
24 f 97
24 g 98
24 h 99
24 i 100
24 j 101
24 k 102
24 l 103
24 m 104
24 n 105
24 o 106
24 p 107
24 q 108
24 r 109
24 s 110
24 t 111
24 u 112
24 v 113
24 w 114
24 x 115
24 y 116
24 z 117
25 0 55
25 1 56
25 2 57
25 3 58
25 4 59
25 5 60
25 6 61
25 7 62
25 8 63
25 9 64
25 A 65
25 B 66
25 C 67
25 D 68
25 E 69
25 F 70
25 G 71
25 H 72
25 I 73
25 J 74
25 K 75
25 L 76
25 M 77
25 N 78
25 O 79
25 P 80
25 Q 81
25 R 82
25 S 83
25 T 84
25 U 85
25 V 86
25 W 87
25 X 88
25 Y 89
25 Z 90
25 _ 91
25 a 92
25 b 93
25 c 94
25 d 95
25 e 96
25 f 97
25 g 98
25 h 99
25 i 100
25 j 101
25 k 102
25 l 103
25 m 104
25 n 105
25 o 106
25 p 107
25 q 108
25 r 109
25 s 110
25 t 111
25 u 112
25 v 113
25 w 114
25 x 115
25 y 116
25 z 117
26 0 55
26 1 56
26 2 57
26 3 58
26 4 59
26 5 60
26 6 61
26 7 62
26 8 63
26 9 64
26 A 65
26 B 66
26 C 67
26 D 68
26 E 69
26 F 70
26 G 71
26 H 72
26 I 73
26 J 74
26 K 75
26 L 76
26 M 77
26 N 78
26 O 79
26 P 80
26 Q 81
26 R 82
26 S 83
26 T 84
26 U 85
26 V 86
26 W 87
26 X 88
26 Y 89
26 Z 90
26 _ 91
26 a 92
26 b 93
26 c 94
26 d 95
26 e 96
26 f 97
26 g 98
26 h 99
26 i 100
26 j 101
26 k 102
26 l 103
26 m 104
26 n 105
26 o 106
26 p 107
26 q 108
26 r 109
26 s 110
26 t 111
26 u 112
26 v 113
26 w 114
26 x 115
26 y 116
26 z 117
27 0 55
27 1 56
27 2 57
27 3 58
27 4 59
27 5 60
27 6 61
27 7 62
27 8 63
27 9 64
27 A 65
27 B 66
27 C 67
27 D 68
27 E 69
27 F 70
27 G 71
27 H 72
27 I 73
27 J 74
27 K 75
27 L 76
27 M 77
27 N 78
27 O 79
27 P 80
27 Q 81
27 R 82
27 S 83
27 T 84
27 U 85
27 V 86
27 W 87
27 X 88
27 Y 89
27 Z 90
27 _ 91
27 a 92
27 b 93
27 c 94
27 d 95
27 e 96
27 f 97
27 g 98
27 h 99
27 i 100
27 j 101
27 k 102
27 l 103
27 m 104
27 n 105
27 o 106
27 p 107
27 q 108
27 r 109
27 s 110
27 t 111
27 u 112
27 v 113
27 w 114
27 x 115
27 y 116
27 z 117
28 0 55
28 1 56
28 2 57
28 3 58
28 4 59
28 5 60
28 6 61
28 7 62
28 8 63
28 9 64
28 A 65
28 B 66
28 C 67
28 D 68
28 E 69
28 F 70
28 G 71
28 H 72
28 I 73
28 J 74
28 K 75
28 L 76
28 M 77
28 N 78
28 O 79
28 P 80
28 Q 81
28 R 82
28 S 83
28 T 84
28 U 85
28 V 86
28 W 87
28 X 88
28 Y 89
28 Z 90
28 _ 91
28 a 92
28 b 93
28 c 94
28 d 95
28 e 96
28 f 97
28 g 98
28 h 99
28 i 100
28 j 101
28 k 102
28 l 103
28 m 104
28 n 105
28 o 106
28 p 107
28 q 108
28 r 109
28 s 110
28 t 111
28 u 112
28 v 113
28 w 114
28 x 115
28 y 116
28 z 117
29 0 55
29 1 56
29 2 57
29 3 58
29 4 59
29 5 60
29 6 61
29 7 62
29 8 63
29 9 64
29 A 65
29 B 66
29 C 67
29 D 68
29 E 69
29 F 70
29 G 71
29 H 72
29 I 73
29 J 74
29 K 75
29 L 76
29 M 77
29 N 78
29 O 79
29 P 80
29 Q 81
29 R 82
29 S 83
29 T 84
29 U 85
29 V 86
29 W 87
29 X 88
29 Y 89
29 Z 90
29 _ 91
29 a 92
29 b 93
29 c 94
29 d 95
29 e 96
29 f 97
29 g 98
29 h 99
29 i 100
29 j 101
29 k 102
29 l 103
29 m 104
29 n 105
29 o 106
29 p 107
29 q 108
29 r 109
29 s 110
29 t 111
29 u 112
29 v 113
29 w 114
29 x 115
29 y 116
29 z 117
30 0 55
30 1 56
30 2 57
30 3 58
30 4 59
30 5 60
30 6 61
30 7 62
30 8 63
30 9 64
30 A 65
30 B 66
30 C 67
30 D 68
30 E 69
30 F 70
30 G 71
30 H 72
30 I 73
30 J 74
30 K 75
30 L 76
30 M 77
30 N 78
30 O 79
30 P 80
30 Q 81
30 R 82
30 S 83
30 T 84
30 U 85
30 V 86
30 W 87
30 X 88
30 Y 89
30 Z 90
30 _ 91
30 a 92
30 b 93
30 c 94
30 d 95
30 e 96
30 f 97
30 g 98
30 h 99
30 i 100
30 j 101
30 k 102
30 l 103
30 m 104
30 n 105
30 o 106
30 p 107
30 q 108
30 r 109
30 s 110
30 t 111
30 u 112
30 v 113
30 w 114
30 x 115
30 y 116
30 z 117
31 0 55
31 1 56
31 2 57
31 3 58
31 4 59
31 5 60
31 6 61
31 7 62
31 8 63
31 9 64
31 A 65
31 B 66
31 C 67
31 D 68
31 E 69
31 F 70
31 G 71
31 H 72
31 I 73
31 J 74
31 K 75
31 L 76
31 M 77
31 N 78
31 O 79
31 P 80
31 Q 81
31 R 82
31 S 83
31 T 84
31 U 85
31 V 86
31 W 87
31 X 88
31 Y 89
31 Z 90
31 _ 91
31 a 92
31 b 93
31 c 94
31 d 95
31 e 96
31 f 97
31 g 98
31 h 99
31 i 100
31 j 101
31 k 102
31 l 103
31 m 104
31 n 105
31 o 106
31 p 107
31 q 108
31 r 109
31 s 110
31 t 111
31 u 112
31 v 113
31 w 114
31 x 115
31 y 116
31 z 117
32 0 55
32 1 56
32 2 57
32 3 58
32 4 59
32 5 60
32 6 61
32 7 62
32 8 63
32 9 64
32 A 65
32 B 66
32 C 67
32 D 68
32 E 69
32 F 70
32 G 71
32 H 72
32 I 73
32 J 74
32 K 75
32 L 76
32 M 77
32 N 78
32 O 79
32 P 80
32 Q 81
32 R 82
32 S 83
32 T 84
32 U 85
32 V 86
32 W 87
32 X 88
32 Y 89
32 Z 90
32 _ 91
32 a 92
32 b 93
32 c 94
32 d 95
32 e 96
32 f 97
32 g 98
32 h 99
32 i 100
32 j 101
32 k 102
32 l 103
32 m 104
32 n 105
32 o 106
32 p 107
32 q 108
32 r 109
32 s 110
32 t 111
32 u 112
32 v 113
32 w 114
32 x 115
32 y 116
32 z 117
33 0 55
33 1 56
33 2 57
33 3 58
33 4 59
33 5 60
33 6 61
33 7 62
33 8 63
33 9 64
33 A 65
33 B 66
33 C 67
33 D 68
33 E 69
33 F 70
33 G 71
33 H 72
33 I 73
33 J 74
33 K 75
33 L 76
33 M 77
33 N 78
33 O 79
33 P 80
33 Q 81
33 R 82
33 S 83
33 T 84
33 U 85
33 V 86
33 W 87
33 X 88
33 Y 89
33 Z 90
33 _ 91
33 a 92
33 b 93
33 c 94
33 d 95
33 e 96
33 f 97
33 g 98
33 h 99
33 i 100
33 j 101
33 k 102
33 l 103
33 m 104
33 n 105
33 o 106
33 p 107
33 q 108
33 r 109
33 s 110
33 t 111
33 u 112
33 v 113
33 w 114
33 x 115
33 y 116
33 z 117
34 0 55
34 1 56
34 2 57
34 3 58
34 4 59
34 5 60
34 6 61
34 7 62
34 8 63
34 9 64
34 A 65
34 B 66
34 C 67
34 D 68
34 E 69
34 F 70
34 G 71
34 H 72
34 I 73
34 J 74
34 K 75
34 L 76
34 M 77
34 N 78
34 O 79
34 P 80
34 Q 81
34 R 82
34 S 83
34 T 84
34 U 85
34 V 86
34 W 87
34 X 88
34 Y 89
34 Z 90
34 _ 91
34 a 92
34 b 93
34 c 94
34 d 95
34 e 96
34 f 97
34 g 98
34 h 99
34 i 100
34 j 101
34 k 102
34 l 103
34 m 104
34 n 105
34 o 106
34 p 107
34 q 108
34 r 109
34 s 110
34 t 111
34 u 112
34 v 113
34 w 114
34 x 115
34 y 116
34 z 117
35 0 55
35 1 56
35 2 57
35 3 58
35 4 59
35 5 60
35 6 61
35 7 62
35 8 63
35 9 64
35 A 65
35 B 66
35 C 67
35 D 68
35 E 69
35 F 70
35 G 71
35 H 72
35 I 73
35 J 74
35 K 75
35 L 76
35 M 77
35 N 78
35 O 79
35 P 80
35 Q 81
35 R 82
35 S 83
35 T 84
35 U 85
35 V 86
35 W 87
35 X 88
35 Y 89
35 Z 90
35 _ 91
35 a 92
35 b 93
35 c 94
35 d 95
35 e 96
35 f 97
35 g 98
35 h 99
35 i 100
35 j 101
35 k 102
35 l 103
35 m 104
35 n 105
35 o 106
35 p 107
35 q 108
35 r 109
35 s 110
35 t 111
35 u 112
35 v 113
35 w 114
35 x 115
35 y 116
35 z 117
36 0 55
36 1 56
36 2 57
36 3 58
36 4 59
36 5 60
36 6 61
36 7 62
36 8 63
36 9 64
36 A 65
36 B 66
36 C 67
36 D 68
36 E 69
36 F 70
36 G 71
36 H 72
36 I 73
36 J 74
36 K 75
36 L 76
36 M 77
36 N 78
36 O 79
36 P 80
36 Q 81
36 R 82
36 S 83
36 T 84
36 U 85
36 V 86
36 W 87
36 X 88
36 Y 89
36 Z 90
36 _ 91
36 a 92
36 b 93
36 c 94
36 d 95
36 e 96
36 f 97
36 g 98
36 h 99
36 i 100
36 j 101
36 k 102
36 l 103
36 m 104
36 n 105
36 o 106
36 p 107
36 q 108
36 r 109
36 s 110
36 t 111
36 u 112
36 v 113
36 w 114
36 x 115
36 y 116
36 z 117
37 0 55
37 1 56
37 2 57
37 3 58
37 4 59
37 5 60
37 6 61
37 7 62
37 8 63
37 9 64
37 A 65
37 B 66
37 C 67
37 D 68
37 E 69
37 F 70
37 G 71
37 H 72
37 I 73
37 J 74
37 K 75
37 L 76
37 M 77
37 N 78
37 O 79
37 P 80
37 Q 81
37 R 82
37 S 83
37 T 84
37 U 85
37 V 86
37 W 87
37 X 88
37 Y 89
37 Z 90
37 _ 91
37 a 92
37 b 93
37 c 94
37 d 95
37 e 96
37 f 97
37 g 98
37 h 99
37 i 100
37 j 101
37 k 102
37 l 103
37 m 104
37 n 105
37 o 106
37 p 107
37 q 108
37 r 109
37 s 110
37 t 111
37 u 112
37 v 113
37 w 114
37 x 115
37 y 116
37 z 117
38 0 55
38 1 56
38 2 57
38 3 58
38 4 59
38 5 60
38 6 61
38 7 62
38 8 63
38 9 64
38 A 65
38 B 66
38 C 67
38 D 68
38 E 69
38 F 70
38 G 71
38 H 72
38 I 73
38 J 74
38 K 75
38 L 76
38 M 77
38 N 78
38 O 79
38 P 80
38 Q 81
38 R 82
38 S 83
38 T 84
38 U 85
38 V 86
38 W 87
38 X 88
38 Y 89
38 Z 90
38 _ 91
38 a 92
38 b 93
38 c 94
38 d 95
38 e 96
38 f 97
38 g 98
38 h 99
38 i 100
38 j 101
38 k 102
38 l 103
38 m 104
38 n 105
38 o 106
38 p 107
38 q 108
38 r 109
38 s 110
38 t 111
38 u 112
38 v 113
38 w 114
38 x 115
38 y 116
38 z 117
39 0 55
39 1 56
39 2 57
39 3 58
39 4 59
39 5 60
39 6 61
39 7 62
39 8 63
39 9 64
39 A 65
39 B 66
39 C 67
39 D 68
39 E 69
39 F 70
39 G 71
39 H 72
39 I 73
39 J 74
39 K 75
39 L 76
39 M 77
39 N 78
39 O 79
39 P 80
39 Q 81
39 R 82
39 S 83
39 T 84
39 U 85
39 V 86
39 W 87
39 X 88
39 Y 89
39 Z 90
39 _ 91
39 a 92
39 b 93
39 c 94
39 d 95
39 e 96
39 f 97
39 g 98
39 h 99
39 i 100
39 j 101
39 k 102
39 l 103
39 m 104
39 n 105
39 o 106
39 p 107
39 q 108
39 r 109
39 s 110
39 t 111
39 u 112
39 v 113
39 w 114
39 x 115
39 y 116
39 z 117
40 0 55
40 1 56
40 2 57
40 3 58
40 4 59
40 5 60
40 6 61
40 7 62
40 8 63
40 9 64
40 A 65
40 B 66
40 C 67
40 D 68
40 E 69
40 F 70
40 G 71
40 H 72
40 I 73
40 J 74
40 K 75
40 L 76
40 M 77
40 N 78
40 O 79
40 P 80
40 Q 81
40 R 82
40 S 83
40 T 84
40 U 85
40 V 86
40 W 87
40 X 88
40 Y 89
40 Z 90
40 _ 91
40 a 92
40 b 93
40 c 94
40 d 95
40 e 96
40 f 97
40 g 98
40 h 99
40 i 100
40 j 101
40 k 102
40 l 103
40 m 104
40 n 105
40 o 106
40 p 107
40 q 108
40 r 109
40 s 110
40 t 111
40 u 112
40 v 113
40 w 114
40 x 115
40 y 116
40 z 117
41 0 55
41 1 56
41 2 57
41 3 58
41 4 59
41 5 60
41 6 61
41 7 62
41 8 63
41 9 64
41 A 65
41 B 66
41 C 67
41 D 68
41 E 69
41 F 70
41 G 71
41 H 72
41 I 73
41 J 74
41 K 75
41 L 76
41 M 77
41 N 78
41 O 79
41 P 80
41 Q 81
41 R 82
41 S 83
41 T 84
41 U 85
41 V 86
41 W 87
41 X 88
41 Y 89
41 Z 90
41 _ 91
41 a 92
41 b 93
41 c 94
41 d 95
41 e 96
41 f 97
41 g 98
41 h 99
41 i 100
41 j 101
41 k 102
41 l 103
41 m 104
41 n 105
41 o 106
41 p 107
41 q 108
41 r 109
41 s 110
41 t 111
41 u 112
41 v 113
41 w 114
41 x 115
41 y 116
41 z 117
42 0 55
42 1 56
42 2 57
42 3 58
42 4 59
42 5 60
42 6 61
42 7 62
42 8 63
42 9 64
42 A 65
42 B 66
42 C 67
42 D 68
42 E 69
42 F 70
42 G 71
42 H 72
42 I 73
42 J 74
42 K 75
42 L 76
42 M 77
42 N 78
42 O 79
42 P 80
42 Q 81
42 R 82
42 S 83
42 T 84
42 U 85
42 V 86
42 W 87
42 X 88
42 Y 89
42 Z 90
42 _ 91
42 a 92
42 b 93
42 c 94
42 d 95
42 e 96
42 f 97
42 g 98
42 h 99
42 i 100
42 j 101
42 k 102
42 l 103
42 m 104
42 n 105
42 o 106
42 p 107
42 q 108
42 r 109
42 s 110
42 t 111
42 u 112
42 v 113
42 w 114
42 x 115
42 y 116
42 z 117
43 0 55
43 1 56
43 2 57
43 3 58
43 4 59
43 5 60
43 6 61
43 7 62
43 8 63
43 9 64
43 A 65
43 B 66
43 C 67
43 D 68
43 E 69
43 F 70
43 G 71
43 H 72
43 I 73
43 J 74
43 K 75
43 L 76
43 M 77
43 N 78
43 O 79
43 P 80
43 Q 81
43 R 82
43 S 83
43 T 84
43 U 85
43 V 86
43 W 87
43 X 88
43 Y 89
43 Z 90
43 _ 91
43 a 92
43 b 93
43 c 94
43 d 95
43 e 96
43 f 97
43 g 98
43 h 99
43 i 100
43 j 101
43 k 102
43 l 103
43 m 104
43 n 105
43 o 106
43 p 107
43 q 108
43 r 109
43 s 110
43 t 111
43 u 112
43 v 113
43 w 114
43 x 115
43 y 116
43 z 117
44 0 55
44 1 56
44 2 57
44 3 58
44 4 59
44 5 60
44 6 61
44 7 62
44 8 63
44 9 64
44 A 65
44 B 66
44 C 67
44 D 68
44 E 69
44 F 70
44 G 71
44 H 72
44 I 73
44 J 74
44 K 75
44 L 76
44 M 77
44 N 78
44 O 79
44 P 80
44 Q 81
44 R 82
44 S 83
44 T 84
44 U 85
44 V 86
44 W 87
44 X 88
44 Y 89
44 Z 90
44 _ 91
44 a 92
44 b 93
44 c 94
44 d 95
44 e 96
44 f 97
44 g 98
44 h 99
44 i 100
44 j 101
44 k 102
44 l 103
44 m 104
44 n 105
44 o 106
44 p 107
44 q 108
44 r 109
44 s 110
44 t 111
44 u 112
44 v 113
44 w 114
44 x 115
44 y 116
44 z 117
45 0 55
45 1 56
45 2 57
45 3 58
45 4 59
45 5 60
45 6 61
45 7 62
45 8 63
45 9 64
45 A 65
45 B 66
45 C 67
45 D 68
45 E 69
45 F 70
45 G 71
45 H 72
45 I 73
45 J 74
45 K 75
45 L 76
45 M 77
45 N 78
45 O 79
45 P 80
45 Q 81
45 R 82
45 S 83
45 T 84
45 U 85
45 V 86
45 W 87
45 X 88
45 Y 89
45 Z 90
45 _ 91
45 a 92
45 b 93
45 c 94
45 d 95
45 e 96
45 f 97
45 g 98
45 h 99
45 i 100
45 j 101
45 k 102
45 l 103
45 m 104
45 n 105
45 o 106
45 p 107
45 q 108
45 r 109
45 s 110
45 t 111
45 u 112
45 v 113
45 w 114
45 x 115
45 y 116
45 z 117
46 0 55
46 1 56
46 2 57
46 3 58
46 4 59
46 5 60
46 6 61
46 7 62
46 8 63
46 9 64
46 A 65
46 B 66
46 C 67
46 D 68
46 E 69
46 F 70
46 G 71
46 H 72
46 I 73
46 J 74
46 K 75
46 L 76
46 M 77
46 N 78
46 O 79
46 P 80
46 Q 81
46 R 82
46 S 83
46 T 84
46 U 85
46 V 86
46 W 87
46 X 88
46 Y 89
46 Z 90
46 _ 91
46 a 92
46 b 93
46 c 94
46 d 95
46 e 96
46 f 97
46 g 98
46 h 99
46 i 100
46 j 101
46 k 102
46 l 103
46 m 104
46 n 105
46 o 106
46 p 107
46 q 108
46 r 109
46 s 110
46 t 111
46 u 112
46 v 113
46 w 114
46 x 115
46 y 116
46 z 117
47 0 55
47 1 56
47 2 57
47 3 58
47 4 59
47 5 60
47 6 61
47 7 62
47 8 63
47 9 64
47 A 65
47 B 66
47 C 67
47 D 68
47 E 69
47 F 70
47 G 71
47 H 72
47 I 73
47 J 74
47 K 75
47 L 76
47 M 77
47 N 78
47 O 79
47 P 80
47 Q 81
47 R 82
47 S 83
47 T 84
47 U 85
47 V 86
47 W 87
47 X 88
47 Y 89
47 Z 90
47 _ 91
47 a 92
47 b 93
47 c 94
47 d 95
47 e 96
47 f 97
47 g 98
47 h 99
47 i 100
47 j 101
47 k 102
47 l 103
47 m 104
47 n 105
47 o 106
47 p 107
47 q 108
47 r 109
47 s 110
47 t 111
47 u 112
47 v 113
47 w 114
47 x 115
47 y 116
47 z 117
48 0 55
48 1 56
48 2 57
48 3 58
48 4 59
48 5 60
48 6 61
48 7 62
48 8 63
48 9 64
48 A 65
48 B 66
48 C 67
48 D 68
48 E 69
48 F 70
48 G 71
48 H 72
48 I 73
48 J 74
48 K 75
48 L 76
48 M 77
48 N 78
48 O 79
48 P 80
48 Q 81
48 R 82
48 S 83
48 T 84
48 U 85
48 V 86
48 W 87
48 X 88
48 Y 89
48 Z 90
48 _ 91
48 a 92
48 b 93
48 c 94
48 d 95
48 e 96
48 f 97
48 g 98
48 h 99
48 i 100
48 j 101
48 k 102
48 l 103
48 m 104
48 n 105
48 o 106
48 p 107
48 q 108
48 r 109
48 s 110
48 t 111
48 u 112
48 v 113
48 w 114
48 x 115
48 y 116
48 z 117
49 0 55
49 1 56
49 2 57
49 3 58
49 4 59
49 5 60
49 6 61
49 7 62
49 8 63
49 9 64
49 A 65
49 B 66
49 C 67
49 D 68
49 E 69
49 F 70
49 G 71
49 H 72
49 I 73
49 J 74
49 K 75
49 L 76
49 M 77
49 N 78
49 O 79
49 P 80
49 Q 81
49 R 82
49 S 83
49 T 84
49 U 85
49 V 86
49 W 87
49 X 88
49 Y 89
49 Z 90
49 _ 91
49 a 92
49 b 93
49 c 94
49 d 95
49 e 96
49 f 97
49 g 98
49 h 99
49 i 100
49 j 101
49 k 102
49 l 103
49 m 104
49 n 105
49 o 106
49 p 107
49 q 108
49 r 109
49 s 110
49 t 111
49 u 112
49 v 113
49 w 114
49 x 115
49 y 116
49 z 117
50 0 55
50 1 56
50 2 57
50 3 58
50 4 59
50 5 60
50 6 61
50 7 62
50 8 63
50 9 64
50 A 65
50 B 66
50 C 67
50 D 68
50 E 69
50 F 70
50 G 71
50 H 72
50 I 73
50 J 74
50 K 75
50 L 76
50 M 77
50 N 78
50 O 79
50 P 80
50 Q 81
50 R 82
50 S 83
50 T 84
50 U 85
50 V 86
50 W 87
50 X 88
50 Y 89
50 Z 90
50 _ 91
50 a 92
50 b 93
50 c 94
50 d 95
50 e 96
50 f 97
50 g 98
50 h 99
50 i 100
50 j 101
50 k 102
50 l 103
50 m 104
50 n 105
50 o 106
50 p 107
50 q 108
50 r 109
50 s 110
50 t 111
50 u 112
50 v 113
50 w 114
50 x 115
50 y 116
50 z 117
51 0 55
51 1 56
51 2 57
51 3 58
51 4 59
51 5 60
51 6 61
51 7 62
51 8 63
51 9 64
51 A 65
51 B 66
51 C 67
51 D 68
51 E 69
51 F 70
51 G 71
51 H 72
51 I 73
51 J 74
51 K 75
51 L 76
51 M 77
51 N 78
51 O 79
51 P 80
51 Q 81
51 R 82
51 S 83
51 T 84
51 U 85
51 V 86
51 W 87
51 X 88
51 Y 89
51 Z 90
51 _ 91
51 a 92
51 b 93
51 c 94
51 d 95
51 e 96
51 f 97
51 g 98
51 h 99
51 i 100
51 j 101
51 k 102
51 l 103
51 m 104
51 n 105
51 o 106
51 p 107
51 q 108
51 r 109
51 s 110
51 t 111
51 u 112
51 v 113
51 w 114
51 x 115
51 y 116
51 z 117
52 0 55
52 1 56
52 2 57
52 3 58
52 4 59
52 5 60
52 6 61
52 7 62
52 8 63
52 9 64
52 A 65
52 B 66
52 C 67
52 D 68
52 E 69
52 F 70
52 G 71
52 H 72
52 I 73
52 J 74
52 K 75
52 L 76
52 M 77
52 N 78
52 O 79
52 P 80
52 Q 81
52 R 82
52 S 83
52 T 84
52 U 85
52 V 86
52 W 87
52 X 88
52 Y 89
52 Z 90
52 _ 91
52 a 92
52 b 93
52 c 94
52 d 95
52 e 96
52 f 97
52 g 98
52 h 99
52 i 100
52 j 101
52 k 102
52 l 103
52 m 104
52 n 105
52 o 106
52 p 107
52 q 108
52 r 109
52 s 110
52 t 111
52 u 112
52 v 113
52 w 114
52 x 115
52 y 116
52 z 117
53 0 55
53 1 56
53 2 57
53 3 58
53 4 59
53 5 60
53 6 61
53 7 62
53 8 63
53 9 64
53 A 65
53 B 66
53 C 67
53 D 68
53 E 69
53 F 70
53 G 71
53 H 72
53 I 73
53 J 74
53 K 75
53 L 76
53 M 77
53 N 78
53 O 79
53 P 80
53 Q 81
53 R 82
53 S 83
53 T 84
53 U 85
53 V 86
53 W 87
53 X 88
53 Y 89
53 Z 90
53 _ 91
53 a 92
53 b 93
53 c 94
53 d 95
53 e 96
53 f 97
53 g 98
53 h 99
53 i 100
53 j 101
53 k 102
53 l 103
53 m 104
53 n 105
53 o 106
53 p 107
53 q 108
53 r 109
53 s 110
53 t 111
53 u 112
53 v 113
53 w 114
53 x 115
53 y 116
53 z 117
54 0 55
54 1 56
54 2 57
54 3 58
54 4 59
54 5 60
54 6 61
54 7 62
54 8 63
54 9 64
54 A 65
54 B 66
54 C 67
54 D 68
54 E 69
54 F 70
54 G 71
54 H 72
54 I 73
54 J 74
54 K 75
54 L 76
54 M 77
54 N 78
54 O 79
54 P 80
54 Q 81
54 R 82
54 S 83
54 T 84
54 U 85
54 V 86
54 W 87
54 X 88
54 Y 89
54 Z 90
54 _ 91
54 a 92
54 b 93
54 c 94
54 d 95
54 e 96
54 f 97
54 g 98
54 h 99
54 i 100
54 j 101
54 k 102
54 l 103
54 m 104
54 n 105
54 o 106
54 p 107
54 q 108
54 r 109
54 s 110
54 t 111
54 u 112
54 v 113
54 w 114
54 x 115
54 y 116
54 z 117
55 0 55
55 1 56
55 2 57
55 3 58
55 4 59
55 5 60
55 6 61
55 7 62
55 8 63
55 9 64
55 A 65
55 B 66
55 C 67
55 D 68
55 E 69
55 F 70
55 G 71
55 H 72
55 I 73
55 J 74
55 K 75
55 L 76
55 M 77
55 N 78
55 O 79
55 P 80
55 Q 81
55 R 82
55 S 83
55 T 84
55 U 85
55 V 86
55 W 87
55 X 88
55 Y 89
55 Z 90
55 _ 91
55 a 92
55 b 93
55 c 94
55 d 95
55 e 96
55 f 97
55 g 98
55 h 99
55 i 100
55 j 101
55 k 102
55 l 103
55 m 104
55 n 105
55 o 106
55 p 107
55 q 108
55 r 109
55 s 110
55 t 111
55 u 112
55 v 113
55 w 114
55 x 115
55 y 116
55 z 117
56 0 55
56 1 56
56 2 57
56 3 58
56 4 59
56 5 60
56 6 61
56 7 62
56 8 63
56 9 64
56 A 65
56 B 66
56 C 67
56 D 68
56 E 69
56 F 70
56 G 71
56 H 72
56 I 73
56 J 74
56 K 75
56 L 76
56 M 77
56 N 78
56 O 79
56 P 80
56 Q 81
56 R 82
56 S 83
56 T 84
56 U 85
56 V 86
56 W 87
56 X 88
56 Y 89
56 Z 90
56 _ 91
56 a 92
56 b 93
56 c 94
56 d 95
56 e 96
56 f 97
56 g 98
56 h 99
56 i 100
56 j 101
56 k 102
56 l 103
56 m 104
56 n 105
56 o 106
56 p 107
56 q 108
56 r 109
56 s 110
56 t 111
56 u 112
56 v 113
56 w 114
56 x 115
56 y 116
56 z 117
57 0 55
57 1 56
57 2 57
57 3 58
57 4 59
57 5 60
57 6 61
57 7 62
57 8 63
57 9 64
57 A 65
57 B 66
57 C 67
57 D 68
57 E 69
57 F 70
57 G 71
57 H 72
57 I 73
57 J 74
57 K 75
57 L 76
57 M 77
57 N 78
57 O 79
57 P 80
57 Q 81
57 R 82
57 S 83
57 T 84
57 U 85
57 V 86
57 W 87
57 X 88
57 Y 89
57 Z 90
57 _ 91
57 a 92
57 b 93
57 c 94
57 d 95
57 e 96
57 f 97
57 g 98
57 h 99
57 i 100
57 j 101
57 k 102
57 l 103
57 m 104
57 n 105
57 o 106
57 p 107
57 q 108
57 r 109
57 s 110
57 t 111
57 u 112
57 v 113
57 w 114
57 x 115
57 y 116
57 z 117
58 0 55
58 1 56
58 2 57
58 3 58
58 4 59
58 5 60
58 6 61
58 7 62
58 8 63
58 9 64
58 A 65
58 B 66
58 C 67
58 D 68
58 E 69
58 F 70
58 G 71
58 H 72
58 I 73
58 J 74
58 K 75
58 L 76
58 M 77
58 N 78
58 O 79
58 P 80
58 Q 81
58 R 82
58 S 83
58 T 84
58 U 85
58 V 86
58 W 87
58 X 88
58 Y 89
58 Z 90
58 _ 91
58 a 92
58 b 93
58 c 94
58 d 95
58 e 96
58 f 97
58 g 98
58 h 99
58 i 100
58 j 101
58 k 102
58 l 103
58 m 104
58 n 105
58 o 106
58 p 107
58 q 108
58 r 109
58 s 110
58 t 111
58 u 112
58 v 113
58 w 114
58 x 115
58 y 116
58 z 117
59 0 55
59 1 56
59 2 57
59 3 58
59 4 59
59 5 60
59 6 61
59 7 62
59 8 63
59 9 64
59 A 65
59 B 66
59 C 67
59 D 68
59 E 69
59 F 70
59 G 71
59 H 72
59 I 73
59 J 74
59 K 75
59 L 76
59 M 77
59 N 78
59 O 79
59 P 80
59 Q 81
59 R 82
59 S 83
59 T 84
59 U 85
59 V 86
59 W 87
59 X 88
59 Y 89
59 Z 90
59 _ 91
59 a 92
59 b 93
59 c 94
59 d 95
59 e 96
59 f 97
59 g 98
59 h 99
59 i 100
59 j 101
59 k 102
59 l 103
59 m 104
59 n 105
59 o 106
59 p 107
59 q 108
59 r 109
59 s 110
59 t 111
59 u 112
59 v 113
59 w 114
59 x 115
59 y 116
59 z 117
60 0 55
60 1 56
60 2 57
60 3 58
60 4 59
60 5 60
60 6 61
60 7 62
60 8 63
60 9 64
60 A 65
60 B 66
60 C 67
60 D 68
60 E 69
60 F 70
60 G 71
60 H 72
60 I 73
60 J 74
60 K 75
60 L 76
60 M 77
60 N 78
60 O 79
60 P 80
60 Q 81
60 R 82
60 S 83
60 T 84
60 U 85
60 V 86
60 W 87
60 X 88
60 Y 89
60 Z 90
60 _ 91
60 a 92
60 b 93
60 c 94
60 d 95
60 e 96
60 f 97
60 g 98
60 h 99
60 i 100
60 j 101
60 k 102
60 l 103
60 m 104
60 n 105
60 o 106
60 p 107
60 q 108
60 r 109
60 s 110
60 t 111
60 u 112
60 v 113
60 w 114
60 x 115
60 y 116
60 z 117
61 0 55
61 1 56
61 2 57
61 3 58
61 4 59
61 5 60
61 6 61
61 7 62
61 8 63
61 9 64
61 A 65
61 B 66
61 C 67
61 D 68
61 E 69
61 F 70
61 G 71
61 H 72
61 I 73
61 J 74
61 K 75
61 L 76
61 M 77
61 N 78
61 O 79
61 P 80
61 Q 81
61 R 82
61 S 83
61 T 84
61 U 85
61 V 86
61 W 87
61 X 88
61 Y 89
61 Z 90
61 _ 91
61 a 92
61 b 93
61 c 94
61 d 95
61 e 96
61 f 97
61 g 98
61 h 99
61 i 100
61 j 101
61 k 102
61 l 103
61 m 104
61 n 105
61 o 106
61 p 107
61 q 108
61 r 109
61 s 110
61 t 111
61 u 112
61 v 113
61 w 114
61 x 115
61 y 116
61 z 117
62 0 55
62 1 56
62 2 57
62 3 58
62 4 59
62 5 60
62 6 61
62 7 62
62 8 63
62 9 64
62 A 65
62 B 66
62 C 67
62 D 68
62 E 69
62 F 70
62 G 71
62 H 72
62 I 73
62 J 74
62 K 75
62 L 76
62 M 77
62 N 78
62 O 79
62 P 80
62 Q 81
62 R 82
62 S 83
62 T 84
62 U 85
62 V 86
62 W 87
62 X 88
62 Y 89
62 Z 90
62 _ 91
62 a 92
62 b 93
62 c 94
62 d 95
62 e 96
62 f 97
62 g 98
62 h 99
62 i 100
62 j 101
62 k 102
62 l 103
62 m 104
62 n 105
62 o 106
62 p 107
62 q 108
62 r 109
62 s 110
62 t 111
62 u 112
62 v 113
62 w 114
62 x 115
62 y 116
62 z 117
63 0 55
63 1 56
63 2 57
63 3 58
63 4 59
63 5 60
63 6 61
63 7 62
63 8 63
63 9 64
63 A 65
63 B 66
63 C 67
63 D 68
63 E 69
63 F 70
63 G 71
63 H 72
63 I 73
63 J 74
63 K 75
63 L 76
63 M 77
63 N 78
63 O 79
63 P 80
63 Q 81
63 R 82
63 S 83
63 T 84
63 U 85
63 V 86
63 W 87
63 X 88
63 Y 89
63 Z 90
63 _ 91
63 a 92
63 b 93
63 c 94
63 d 95
63 e 96
63 f 97
63 g 98
63 h 99
63 i 100
63 j 101
63 k 102
63 l 103
63 m 104
63 n 105
63 o 106
63 p 107
63 q 108
63 r 109
63 s 110
63 t 111
63 u 112
63 v 113
63 w 114
63 x 115
63 y 116
63 z 117
64 0 55
64 1 56
64 2 57
64 3 58
64 4 59
64 5 60
64 6 61
64 7 62
64 8 63
64 9 64
64 A 65
64 B 66
64 C 67
64 D 68
64 E 69
64 F 70
64 G 71
64 H 72
64 I 73
64 J 74
64 K 75
64 L 76
64 M 77
64 N 78
64 O 79
64 P 80
64 Q 81
64 R 82
64 S 83
64 T 84
64 U 85
64 V 86
64 W 87
64 X 88
64 Y 89
64 Z 90
64 _ 91
64 a 92
64 b 93
64 c 94
64 d 95
64 e 96
64 f 97
64 g 98
64 h 99
64 i 100
64 j 101
64 k 102
64 l 103
64 m 104
64 n 105
64 o 106
64 p 107
64 q 108
64 r 109
64 s 110
64 t 111
64 u 112
64 v 113
64 w 114
64 x 115
64 y 116
64 z 117
65 0 55
65 1 56
65 2 57
65 3 58
65 4 59
65 5 60
65 6 61
65 7 62
65 8 63
65 9 64
65 A 65
65 B 66
65 C 67
65 D 68
65 E 69
65 F 70
65 G 71
65 H 72
65 I 73
65 J 74
65 K 75
65 L 76
65 M 77
65 N 78
65 O 79
65 P 80
65 Q 81
65 R 82
65 S 83
65 T 84
65 U 85
65 V 86
65 W 87
65 X 88
65 Y 89
65 Z 90
65 _ 91
65 a 92
65 b 93
65 c 94
65 d 95
65 e 96
65 f 97
65 g 98
65 h 99
65 i 100
65 j 101
65 k 102
65 l 103
65 m 104
65 n 105
65 o 106
65 p 107
65 q 108
65 r 109
65 s 110
65 t 111
65 u 112
65 v 113
65 w 114
65 x 115
65 y 116
65 z 117
66 0 55
66 1 56
66 2 57
66 3 58
66 4 59
66 5 60
66 6 61
66 7 62
66 8 63
66 9 64
66 A 65
66 B 66
66 C 67
66 D 68
66 E 69
66 F 70
66 G 71
66 H 72
66 I 73
66 J 74
66 K 75
66 L 76
66 M 77
66 N 78
66 O 79
66 P 80
66 Q 81
66 R 82
66 S 83
66 T 84
66 U 85
66 V 86
66 W 87
66 X 88
66 Y 89
66 Z 90
66 _ 91
66 a 92
66 b 93
66 c 94
66 d 95
66 e 96
66 f 97
66 g 98
66 h 99
66 i 100
66 j 101
66 k 102
66 l 103
66 m 104
66 n 105
66 o 106
66 p 107
66 q 108
66 r 109
66 s 110
66 t 111
66 u 112
66 v 113
66 w 114
66 x 115
66 y 116
66 z 117
67 0 55
67 1 56
67 2 57
67 3 58
67 4 59
67 5 60
67 6 61
67 7 62
67 8 63
67 9 64
67 A 65
67 B 66
67 C 67
67 D 68
67 E 69
67 F 70
67 G 71
67 H 72
67 I 73
67 J 74
67 K 75
67 L 76
67 M 77
67 N 78
67 O 79
67 P 80
67 Q 81
67 R 82
67 S 83
67 T 84
67 U 85
67 V 86
67 W 87
67 X 88
67 Y 89
67 Z 90
67 _ 91
67 a 92
67 b 93
67 c 94
67 d 95
67 e 96
67 f 97
67 g 98
67 h 99
67 i 100
67 j 101
67 k 102
67 l 103
67 m 104
67 n 105
67 o 106
67 p 107
67 q 108
67 r 109
67 s 110
67 t 111
67 u 112
67 v 113
67 w 114
67 x 115
67 y 116
67 z 117
68 0 55
68 1 56
68 2 57
68 3 58
68 4 59
68 5 60
68 6 61
68 7 62
68 8 63
68 9 64
68 A 65
68 B 66
68 C 67
68 D 68
68 E 69
68 F 70
68 G 71
68 H 72
68 I 73
68 J 74
68 K 75
68 L 76
68 M 77
68 N 78
68 O 79
68 P 80
68 Q 81
68 R 82
68 S 83
68 T 84
68 U 85
68 V 86
68 W 87
68 X 88
68 Y 89
68 Z 90
68 _ 91
68 a 92
68 b 93
68 c 94
68 d 95
68 e 96
68 f 97
68 g 98
68 h 99
68 i 100
68 j 101
68 k 102
68 l 103
68 m 104
68 n 105
68 o 106
68 p 107
68 q 108
68 r 109
68 s 110
68 t 111
68 u 112
68 v 113
68 w 114
68 x 115
68 y 116
68 z 117
69 0 55
69 1 56
69 2 57
69 3 58
69 4 59
69 5 60
69 6 61
69 7 62
69 8 63
69 9 64
69 A 65
69 B 66
69 C 67
69 D 68
69 E 69
69 F 70
69 G 71
69 H 72
69 I 73
69 J 74
69 K 75
69 L 76
69 M 77
69 N 78
69 O 79
69 P 80
69 Q 81
69 R 82
69 S 83
69 T 84
69 U 85
69 V 86
69 W 87
69 X 88
69 Y 89
69 Z 90
69 _ 91
69 a 92
69 b 93
69 c 94
69 d 95
69 e 96
69 f 97
69 g 98
69 h 99
69 i 100
69 j 101
69 k 102
69 l 103
69 m 104
69 n 105
69 o 106
69 p 107
69 q 108
69 r 109
69 s 110
69 t 111
69 u 112
69 v 113
69 w 114
69 x 115
69 y 116
69 z 117
70 0 55
70 1 56
70 2 57
70 3 58
70 4 59
70 5 60
70 6 61
70 7 62
70 8 63
70 9 64
70 A 65
70 B 66
70 C 67
70 D 68
70 E 69
70 F 70
70 G 71
70 H 72
70 I 73
70 J 74
70 K 75
70 L 76
70 M 77
70 N 78
70 O 79
70 P 80
70 Q 81
70 R 82
70 S 83
70 T 84
70 U 85
70 V 86
70 W 87
70 X 88
70 Y 89
70 Z 90
70 _ 91
70 a 92
70 b 93
70 c 94
70 d 95
70 e 96
70 f 97
70 g 98
70 h 99
70 i 100
70 j 101
70 k 102
70 l 103
70 m 104
70 n 105
70 o 106
70 p 107
70 q 108
70 r 109
70 s 110
70 t 111
70 u 112
70 v 113
70 w 114
70 x 115
70 y 116
70 z 117
71 0 55
71 1 56
71 2 57
71 3 58
71 4 59
71 5 60
71 6 61
71 7 62
71 8 63
71 9 64
71 A 65
71 B 66
71 C 67
71 D 68
71 E 69
71 F 70
71 G 71
71 H 72
71 I 73
71 J 74
71 K 75
71 L 76
71 M 77
71 N 78
71 O 79
71 P 80
71 Q 81
71 R 82
71 S 83
71 T 84
71 U 85
71 V 86
71 W 87
71 X 88
71 Y 89
71 Z 90
71 _ 91
71 a 92
71 b 93
71 c 94
71 d 95
71 e 96
71 f 97
71 g 98
71 h 99
71 i 100
71 j 101
71 k 102
71 l 103
71 m 104
71 n 105
71 o 106
71 p 107
71 q 108
71 r 109
71 s 110
71 t 111
71 u 112
71 v 113
71 w 114
71 x 115
71 y 116
71 z 117
72 0 55
72 1 56
72 2 57
72 3 58
72 4 59
72 5 60
72 6 61
72 7 62
72 8 63
72 9 64
72 A 65
72 B 66
72 C 67
72 D 68
72 E 69
72 F 70
72 G 71
72 H 72
72 I 73
72 J 74
72 K 75
72 L 76
72 M 77
72 N 78
72 O 79
72 P 80
72 Q 81
72 R 82
72 S 83
72 T 84
72 U 85
72 V 86
72 W 87
72 X 88
72 Y 89
72 Z 90
72 _ 91
72 a 92
72 b 93
72 c 94
72 d 95
72 e 96
72 f 97
72 g 98
72 h 99
72 i 100
72 j 101
72 k 102
72 l 103
72 m 104
72 n 105
72 o 106
72 p 107
72 q 108
72 r 109
72 s 110
72 t 111
72 u 112
72 v 113
72 w 114
72 x 115
72 y 116
72 z 117
73 0 55
73 1 56
73 2 57
73 3 58
73 4 59
73 5 60
73 6 61
73 7 62
73 8 63
73 9 64
73 A 65
73 B 66
73 C 67
73 D 68
73 E 69
73 F 70
73 G 71
73 H 72
73 I 73
73 J 74
73 K 75
73 L 76
73 M 77
73 N 78
73 O 79
73 P 80
73 Q 81
73 R 82
73 S 83
73 T 84
73 U 85
73 V 86
73 W 87
73 X 88
73 Y 89
73 Z 90
73 _ 91
73 a 92
73 b 93
73 c 94
73 d 95
73 e 96
73 f 97
73 g 98
73 h 99
73 i 100
73 j 101
73 k 102
73 l 103
73 m 104
73 n 105
73 o 106
73 p 107
73 q 108
73 r 109
73 s 110
73 t 111
73 u 112
73 v 113
73 w 114
73 x 115
73 y 116
73 z 117
74 0 55
74 1 56
74 2 57
74 3 58
74 4 59
74 5 60
74 6 61
74 7 62
74 8 63
74 9 64
74 A 65
74 B 66
74 C 67
74 D 68
74 E 69
74 F 70
74 G 71
74 H 72
74 I 73
74 J 74
74 K 75
74 L 76
74 M 77
74 N 78
74 O 79
74 P 80
74 Q 81
74 R 82
74 S 83
74 T 84
74 U 85
74 V 86
74 W 87
74 X 88
74 Y 89
74 Z 90
74 _ 91
74 a 92
74 b 93
74 c 94
74 d 95
74 e 96
74 f 97
74 g 98
74 h 99
74 i 100
74 j 101
74 k 102
74 l 103
74 m 104
74 n 105
74 o 106
74 p 107
74 q 108
74 r 109
74 s 110
74 t 111
74 u 112
74 v 113
74 w 114
74 x 115
74 y 116
74 z 117
75 0 55
75 1 56
75 2 57
75 3 58
75 4 59
75 5 60
75 6 61
75 7 62
75 8 63
75 9 64
75 A 65
75 B 66
75 C 67
75 D 68
75 E 69
75 F 70
75 G 71
75 H 72
75 I 73
75 J 74
75 K 75
75 L 76
75 M 77
75 N 78
75 O 79
75 P 80
75 Q 81
75 R 82
75 S 83
75 T 84
75 U 85
75 V 86
75 W 87
75 X 88
75 Y 89
75 Z 90
75 _ 91
75 a 92
75 b 93
75 c 94
75 d 95
75 e 96
75 f 97
75 g 98
75 h 99
75 i 100
75 j 101
75 k 102
75 l 103
75 m 104
75 n 105
75 o 106
75 p 107
75 q 108
75 r 109
75 s 110
75 t 111
75 u 112
75 v 113
75 w 114
75 x 115
75 y 116
75 z 117
76 0 55
76 1 56
76 2 57
76 3 58
76 4 59
76 5 60
76 6 61
76 7 62
76 8 63
76 9 64
76 A 65
76 B 66
76 C 67
76 D 68
76 E 69
76 F 70
76 G 71
76 H 72
76 I 73
76 J 74
76 K 75
76 L 76
76 M 77
76 N 78
76 O 79
76 P 80
76 Q 81
76 R 82
76 S 83
76 T 84
76 U 85
76 V 86
76 W 87
76 X 88
76 Y 89
76 Z 90
76 _ 91
76 a 92
76 b 93
76 c 94
76 d 95
76 e 96
76 f 97
76 g 98
76 h 99
76 i 100
76 j 101
76 k 102
76 l 103
76 m 104
76 n 105
76 o 106
76 p 107
76 q 108
76 r 109
76 s 110
76 t 111
76 u 112
76 v 113
76 w 114
76 x 115
76 y 116
76 z 117
77 0 55
77 1 56
77 2 57
77 3 58
77 4 59
77 5 60
77 6 61
77 7 62
77 8 63
77 9 64
77 A 65
77 B 66
77 C 67
77 D 68
77 E 69
77 F 70
77 G 71
77 H 72
77 I 73
77 J 74
77 K 75
77 L 76
77 M 77
77 N 78
77 O 79
77 P 80
77 Q 81
77 R 82
77 S 83
77 T 84
77 U 85
77 V 86
77 W 87
77 X 88
77 Y 89
77 Z 90
77 _ 91
77 a 92
77 b 93
77 c 94
77 d 95
77 e 96
77 f 97
77 g 98
77 h 99
77 i 100
77 j 101
77 k 102
77 l 103
77 m 104
77 n 105
77 o 106
77 p 107
77 q 108
77 r 109
77 s 110
77 t 111
77 u 112
77 v 113
77 w 114
77 x 115
77 y 116
77 z 117
78 0 55
78 1 56
78 2 57
78 3 58
78 4 59
78 5 60
78 6 61
78 7 62
78 8 63
78 9 64
78 A 65
78 B 66
78 C 67
78 D 68
78 E 69
78 F 70
78 G 71
78 H 72
78 I 73
78 J 74
78 K 75
78 L 76
78 M 77
78 N 78
78 O 79
78 P 80
78 Q 81
78 R 82
78 S 83
78 T 84
78 U 85
78 V 86
78 W 87
78 X 88
78 Y 89
78 Z 90
78 _ 91
78 a 92
78 b 93
78 c 94
78 d 95
78 e 96
78 f 97
78 g 98
78 h 99
78 i 100
78 j 101
78 k 102
78 l 103
78 m 104
78 n 105
78 o 106
78 p 107
78 q 108
78 r 109
78 s 110
78 t 111
78 u 112
78 v 113
78 w 114
78 x 115
78 y 116
78 z 117
79 0 55
79 1 56
79 2 57
79 3 58
79 4 59
79 5 60
79 6 61
79 7 62
79 8 63
79 9 64
79 A 65
79 B 66
79 C 67
79 D 68
79 E 69
79 F 70
79 G 71
79 H 72
79 I 73
79 J 74
79 K 75
79 L 76
79 M 77
79 N 78
79 O 79
79 P 80
79 Q 81
79 R 82
79 S 83
79 T 84
79 U 85
79 V 86
79 W 87
79 X 88
79 Y 89
79 Z 90
79 _ 91
79 a 92
79 b 93
79 c 94
79 d 95
79 e 96
79 f 97
79 g 98
79 h 99
79 i 100
79 j 101
79 k 102
79 l 103
79 m 104
79 n 105
79 o 106
79 p 107
79 q 108
79 r 109
79 s 110
79 t 111
79 u 112
79 v 113
79 w 114
79 x 115
79 y 116
79 z 117
80 0 55
80 1 56
80 2 57
80 3 58
80 4 59
80 5 60
80 6 61
80 7 62
80 8 63
80 9 64
80 A 65
80 B 66
80 C 67
80 D 68
80 E 69
80 F 70
80 G 71
80 H 72
80 I 73
80 J 74
80 K 75
80 L 76
80 M 77
80 N 78
80 O 79
80 P 80
80 Q 81
80 R 82
80 S 83
80 T 84
80 U 85
80 V 86
80 W 87
80 X 88
80 Y 89
80 Z 90
80 _ 91
80 a 92
80 b 93
80 c 94
80 d 95
80 e 96
80 f 97
80 g 98
80 h 99
80 i 100
80 j 101
80 k 102
80 l 103
80 m 104
80 n 105
80 o 106
80 p 107
80 q 108
80 r 109
80 s 110
80 t 111
80 u 112
80 v 113
80 w 114
80 x 115
80 y 116
80 z 117
81 0 55
81 1 56
81 2 57
81 3 58
81 4 59
81 5 60
81 6 61
81 7 62
81 8 63
81 9 64
81 A 65
81 B 66
81 C 67
81 D 68
81 E 69
81 F 70
81 G 71
81 H 72
81 I 73
81 J 74
81 K 75
81 L 76
81 M 77
81 N 78
81 O 79
81 P 80
81 Q 81
81 R 82
81 S 83
81 T 84
81 U 85
81 V 86
81 W 87
81 X 88
81 Y 89
81 Z 90
81 _ 91
81 a 92
81 b 93
81 c 94
81 d 95
81 e 96
81 f 97
81 g 98
81 h 99
81 i 100
81 j 101
81 k 102
81 l 103
81 m 104
81 n 105
81 o 106
81 p 107
81 q 108
81 r 109
81 s 110
81 t 111
81 u 112
81 v 113
81 w 114
81 x 115
81 y 116
81 z 117
82 0 55
82 1 56
82 2 57
82 3 58
82 4 59
82 5 60
82 6 61
82 7 62
82 8 63
82 9 64
82 A 65
82 B 66
82 C 67
82 D 68
82 E 69
82 F 70
82 G 71
82 H 72
82 I 73
82 J 74
82 K 75
82 L 76
82 M 77
82 N 78
82 O 79
82 P 80
82 Q 81
82 R 82
82 S 83
82 T 84
82 U 85
82 V 86
82 W 87
82 X 88
82 Y 89
82 Z 90
82 _ 91
82 a 92
82 b 93
82 c 94
82 d 95
82 e 96
82 f 97
82 g 98
82 h 99
82 i 100
82 j 101
82 k 102
82 l 103
82 m 104
82 n 105
82 o 106
82 p 107
82 q 108
82 r 109
82 s 110
82 t 111
82 u 112
82 v 113
82 w 114
82 x 115
82 y 116
82 z 117
83 0 55
83 1 56
83 2 57
83 3 58
83 4 59
83 5 60
83 6 61
83 7 62
83 8 63
83 9 64
83 A 65
83 B 66
83 C 67
83 D 68
83 E 69
83 F 70
83 G 71
83 H 72
83 I 73
83 J 74
83 K 75
83 L 76
83 M 77
83 N 78
83 O 79
83 P 80
83 Q 81
83 R 82
83 S 83
83 T 84
83 U 85
83 V 86
83 W 87
83 X 88
83 Y 89
83 Z 90
83 _ 91
83 a 92
83 b 93
83 c 94
83 d 95
83 e 96
83 f 97
83 g 98
83 h 99
83 i 100
83 j 101
83 k 102
83 l 103
83 m 104
83 n 105
83 o 106
83 p 107
83 q 108
83 r 109
83 s 110
83 t 111
83 u 112
83 v 113
83 w 114
83 x 115
83 y 116
83 z 117
84 0 55
84 1 56
84 2 57
84 3 58
84 4 59
84 5 60
84 6 61
84 7 62
84 8 63
84 9 64
84 A 65
84 B 66
84 C 67
84 D 68
84 E 69
84 F 70
84 G 71
84 H 72
84 I 73
84 J 74
84 K 75
84 L 76
84 M 77
84 N 78
84 O 79
84 P 80
84 Q 81
84 R 82
84 S 83
84 T 84
84 U 85
84 V 86
84 W 87
84 X 88
84 Y 89
84 Z 90
84 _ 91
84 a 92
84 b 93
84 c 94
84 d 95
84 e 96
84 f 97
84 g 98
84 h 99
84 i 100
84 j 101
84 k 102
84 l 103
84 m 104
84 n 105
84 o 106
84 p 107
84 q 108
84 r 109
84 s 110
84 t 111
84 u 112
84 v 113
84 w 114
84 x 115
84 y 116
84 z 117
85 0 55
85 1 56
85 2 57
85 3 58
85 4 59
85 5 60
85 6 61
85 7 62
85 8 63
85 9 64
85 A 65
85 B 66
85 C 67
85 D 68
85 E 69
85 F 70
85 G 71
85 H 72
85 I 73
85 J 74
85 K 75
85 L 76
85 M 77
85 N 78
85 O 79
85 P 80
85 Q 81
85 R 82
85 S 83
85 T 84
85 U 85
85 V 86
85 W 87
85 X 88
85 Y 89
85 Z 90
85 _ 91
85 a 92
85 b 93
85 c 94
85 d 95
85 e 96
85 f 97
85 g 98
85 h 99
85 i 100
85 j 101
85 k 102
85 l 103
85 m 104
85 n 105
85 o 106
85 p 107
85 q 108
85 r 109
85 s 110
85 t 111
85 u 112
85 v 113
85 w 114
85 x 115
85 y 116
85 z 117
86 0 55
86 1 56
86 2 57
86 3 58
86 4 59
86 5 60
86 6 61
86 7 62
86 8 63
86 9 64
86 A 65
86 B 66
86 C 67
86 D 68
86 E 69
86 F 70
86 G 71
86 H 72
86 I 73
86 J 74
86 K 75
86 L 76
86 M 77
86 N 78
86 O 79
86 P 80
86 Q 81
86 R 82
86 S 83
86 T 84
86 U 85
86 V 86
86 W 87
86 X 88
86 Y 89
86 Z 90
86 _ 91
86 a 92
86 b 93
86 c 94
86 d 95
86 e 96
86 f 97
86 g 98
86 h 99
86 i 100
86 j 101
86 k 102
86 l 103
86 m 104
86 n 105
86 o 106
86 p 107
86 q 108
86 r 109
86 s 110
86 t 111
86 u 112
86 v 113
86 w 114
86 x 115
86 y 116
86 z 117
87 0 55
87 1 56
87 2 57
87 3 58
87 4 59
87 5 60
87 6 61
87 7 62
87 8 63
87 9 64
87 A 65
87 B 66
87 C 67
87 D 68
87 E 69
87 F 70
87 G 71
87 H 72
87 I 73
87 J 74
87 K 75
87 L 76
87 M 77
87 N 78
87 O 79
87 P 80
87 Q 81
87 R 82
87 S 83
87 T 84
87 U 85
87 V 86
87 W 87
87 X 88
87 Y 89
87 Z 90
87 _ 91
87 a 92
87 b 93
87 c 94
87 d 95
87 e 96
87 f 97
87 g 98
87 h 99
87 i 100
87 j 101
87 k 102
87 l 103
87 m 104
87 n 105
87 o 106
87 p 107
87 q 108
87 r 109
87 s 110
87 t 111
87 u 112
87 v 113
87 w 114
87 x 115
87 y 116
87 z 117
88 0 55
88 1 56
88 2 57
88 3 58
88 4 59
88 5 60
88 6 61
88 7 62
88 8 63
88 9 64
88 A 65
88 B 66
88 C 67
88 D 68
88 E 69
88 F 70
88 G 71
88 H 72
88 I 73
88 J 74
88 K 75
88 L 76
88 M 77
88 N 78
88 O 79
88 P 80
88 Q 81
88 R 82
88 S 83
88 T 84
88 U 85
88 V 86
88 W 87
88 X 88
88 Y 89
88 Z 90
88 _ 91
88 a 92
88 b 93
88 c 94
88 d 95
88 e 96
88 f 97
88 g 98
88 h 99
88 i 100
88 j 101
88 k 102
88 l 103
88 m 104
88 n 105
88 o 106
88 p 107
88 q 108
88 r 109
88 s 110
88 t 111
88 u 112
88 v 113
88 w 114
88 x 115
88 y 116
88 z 117
89 0 55
89 1 56
89 2 57
89 3 58
89 4 59
89 5 60
89 6 61
89 7 62
89 8 63
89 9 64
89 A 65
89 B 66
89 C 67
89 D 68
89 E 69
89 F 70
89 G 71
89 H 72
89 I 73
89 J 74
89 K 75
89 L 76
89 M 77
89 N 78
89 O 79
89 P 80
89 Q 81
89 R 82
89 S 83
89 T 84
89 U 85
89 V 86
89 W 87
89 X 88
89 Y 89
89 Z 90
89 _ 91
89 a 92
89 b 93
89 c 94
89 d 95
89 e 96
89 f 97
89 g 98
89 h 99
89 i 100
89 j 101
89 k 102
89 l 103
89 m 104
89 n 105
89 o 106
89 p 107
89 q 108
89 r 109
89 s 110
89 t 111
89 u 112
89 v 113
89 w 114
89 x 115
89 y 116
89 z 117
90 0 55
90 1 56
90 2 57
90 3 58
90 4 59
90 5 60
90 6 61
90 7 62
90 8 63
90 9 64
90 A 65
90 B 66
90 C 67
90 D 68
90 E 69
90 F 70
90 G 71
90 H 72
90 I 73
90 J 74
90 K 75
90 L 76
90 M 77
90 N 78
90 O 79
90 P 80
90 Q 81
90 R 82
90 S 83
90 T 84
90 U 85
90 V 86
90 W 87
90 X 88
90 Y 89
90 Z 90
90 _ 91
90 a 92
90 b 93
90 c 94
90 d 95
90 e 96
90 f 97
90 g 98
90 h 99
90 i 100
90 j 101
90 k 102
90 l 103
90 m 104
90 n 105
90 o 106
90 p 107
90 q 108
90 r 109
90 s 110
90 t 111
90 u 112
90 v 113
90 w 114
90 x 115
90 y 116
90 z 117
91 0 55
91 1 56
91 2 57
91 3 58
91 4 59
91 5 60
91 6 61
91 7 62
91 8 63
91 9 64
91 A 65
91 B 66
91 C 67
91 D 68
91 E 69
91 F 70
91 G 71
91 H 72
91 I 73
91 J 74
91 K 75
91 L 76
91 M 77
91 N 78
91 O 79
91 P 80
91 Q 81
91 R 82
91 S 83
91 T 84
91 U 85
91 V 86
91 W 87
91 X 88
91 Y 89
91 Z 90
91 _ 91
91 a 92
91 b 93
91 c 94
91 d 95
91 e 96
91 f 97
91 g 98
91 h 99
91 i 100
91 j 101
91 k 102
91 l 103
91 m 104
91 n 105
91 o 106
91 p 107
91 q 108
91 r 109
91 s 110
91 t 111
91 u 112
91 v 113
91 w 114
91 x 115
91 y 116
91 z 117
92 0 55
92 1 56
92 2 57
92 3 58
92 4 59
92 5 60
92 6 61
92 7 62
92 8 63
92 9 64
92 A 65
92 B 66
92 C 67
92 D 68
92 E 69
92 F 70
92 G 71
92 H 72
92 I 73
92 J 74
92 K 75
92 L 76
92 M 77
92 N 78
92 O 79
92 P 80
92 Q 81
92 R 82
92 S 83
92 T 84
92 U 85
92 V 86
92 W 87
92 X 88
92 Y 89
92 Z 90
92 _ 91
92 a 92
92 b 93
92 c 94
92 d 95
92 e 96
92 f 97
92 g 98
92 h 99
92 i 100
92 j 101
92 k 102
92 l 103
92 m 104
92 n 105
92 o 106
92 p 107
92 q 108
92 r 109
92 s 110
92 t 111
92 u 112
92 v 113
92 w 114
92 x 115
92 y 116
92 z 117
93 0 55
93 1 56
93 2 57
93 3 58
93 4 59
93 5 60
93 6 61
93 7 62
93 8 63
93 9 64
93 A 65
93 B 66
93 C 67
93 D 68
93 E 69
93 F 70
93 G 71
93 H 72
93 I 73
93 J 74
93 K 75
93 L 76
93 M 77
93 N 78
93 O 79
93 P 80
93 Q 81
93 R 82
93 S 83
93 T 84
93 U 85
93 V 86
93 W 87
93 X 88
93 Y 89
93 Z 90
93 _ 91
93 a 92
93 b 93
93 c 94
93 d 95
93 e 96
93 f 97
93 g 98
93 h 99
93 i 100
93 j 101
93 k 102
93 l 103
93 m 104
93 n 105
93 o 106
93 p 107
93 q 108
93 r 109
93 s 110
93 t 111
93 u 112
93 v 113
93 w 114
93 x 115
93 y 116
93 z 117
94 0 55
94 1 56
94 2 57
94 3 58
94 4 59
94 5 60
94 6 61
94 7 62
94 8 63
94 9 64
94 A 65
94 B 66
94 C 67
94 D 68
94 E 69
94 F 70
94 G 71
94 H 72
94 I 73
94 J 74
94 K 75
94 L 76
94 M 77
94 N 78
94 O 79
94 P 80
94 Q 81
94 R 82
94 S 83
94 T 84
94 U 85
94 V 86
94 W 87
94 X 88
94 Y 89
94 Z 90
94 _ 91
94 a 92
94 b 93
94 c 94
94 d 95
94 e 96
94 f 97
94 g 98
94 h 99
94 i 100
94 j 101
94 k 102
94 l 103
94 m 104
94 n 105
94 o 106
94 p 107
94 q 108
94 r 109
94 s 110
94 t 111
94 u 112
94 v 113
94 w 114
94 x 115
94 y 116
94 z 117
95 0 55
95 1 56
95 2 57
95 3 58
95 4 59
95 5 60
95 6 61
95 7 62
95 8 63
95 9 64
95 A 65
95 B 66
95 C 67
95 D 68
95 E 69
95 F 70
95 G 71
95 H 72
95 I 73
95 J 74
95 K 75
95 L 76
95 M 77
95 N 78
95 O 79
95 P 80
95 Q 81
95 R 82
95 S 83
95 T 84
95 U 85
95 V 86
95 W 87
95 X 88
95 Y 89
95 Z 90
95 _ 91
95 a 92
95 b 93
95 c 94
95 d 95
95 e 96
95 f 97
95 g 98
95 h 99
95 i 100
95 j 101
95 k 102
95 l 103
95 m 104
95 n 105
95 o 106
95 p 107
95 q 108
95 r 109
95 s 110
95 t 111
95 u 112
95 v 113
95 w 114
95 x 115
95 y 116
95 z 117
96 0 55
96 1 56
96 2 57
96 3 58
96 4 59
96 5 60
96 6 61
96 7 62
96 8 63
96 9 64
96 A 65
96 B 66
96 C 67
96 D 68
96 E 69
96 F 70
96 G 71
96 H 72
96 I 73
96 J 74
96 K 75
96 L 76
96 M 77
96 N 78
96 O 79
96 P 80
96 Q 81
96 R 82
96 S 83
96 T 84
96 U 85
96 V 86
96 W 87
96 X 88
96 Y 89
96 Z 90
96 _ 91
96 a 92
96 b 93
96 c 94
96 d 95
96 e 96
96 f 97
96 g 98
96 h 99
96 i 100
96 j 101
96 k 102
96 l 103
96 m 104
96 n 105
96 o 106
96 p 107
96 q 108
96 r 109
96 s 110
96 t 111
96 u 112
96 v 113
96 w 114
96 x 115
96 y 116
96 z 117
97 0 55
97 1 56
97 2 57
97 3 58
97 4 59
97 5 60
97 6 61
97 7 62
97 8 63
97 9 64
97 A 65
97 B 66
97 C 67
97 D 68
97 E 69
97 F 70
97 G 71
97 H 72
97 I 73
97 J 74
97 K 75
97 L 76
97 M 77
97 N 78
97 O 79
97 P 80
97 Q 81
97 R 82
97 S 83
97 T 84
97 U 85
97 V 86
97 W 87
97 X 88
97 Y 89
97 Z 90
97 _ 91
97 a 92
97 b 93
97 c 94
97 d 95
97 e 96
97 f 97
97 g 98
97 h 99
97 i 100
97 j 101
97 k 102
97 l 103
97 m 104
97 n 105
97 o 106
97 p 107
97 q 108
97 r 109
97 s 110
97 t 111
97 u 112
97 v 113
97 w 114
97 x 115
97 y 116
97 z 117
98 0 55
98 1 56
98 2 57
98 3 58
98 4 59
98 5 60
98 6 61
98 7 62
98 8 63
98 9 64
98 A 65
98 B 66
98 C 67
98 D 68
98 E 69
98 F 70
98 G 71
98 H 72
98 I 73
98 J 74
98 K 75
98 L 76
98 M 77
98 N 78
98 O 79
98 P 80
98 Q 81
98 R 82
98 S 83
98 T 84
98 U 85
98 V 86
98 W 87
98 X 88
98 Y 89
98 Z 90
98 _ 91
98 a 92
98 b 93
98 c 94
98 d 95
98 e 96
98 f 97
98 g 98
98 h 99
98 i 100
98 j 101
98 k 102
98 l 103
98 m 104
98 n 105
98 o 106
98 p 107
98 q 108
98 r 109
98 s 110
98 t 111
98 u 112
98 v 113
98 w 114
98 x 115
98 y 116
98 z 117
99 0 55
99 1 56
99 2 57
99 3 58
99 4 59
99 5 60
99 6 61
99 7 62
99 8 63
99 9 64
99 A 65
99 B 66
99 C 67
99 D 68
99 E 69
99 F 70
99 G 71
99 H 72
99 I 73
99 J 74
99 K 75
99 L 76
99 M 77
99 N 78
99 O 79
99 P 80
99 Q 81
99 R 82
99 S 83
99 T 84
99 U 85
99 V 86
99 W 87
99 X 88
99 Y 89
99 Z 90
99 _ 91
99 a 92
99 b 93
99 c 94
99 d 95
99 e 96
99 f 97
99 g 98
99 h 99
99 i 100
99 j 101
99 k 102
99 l 103
99 m 104
99 n 105
99 o 106
99 p 107
99 q 108
99 r 109
99 s 110
99 t 111
99 u 112
99 v 113
99 w 114
99 x 115
99 y 116
99 z 117
100 0 55
100 1 56
100 2 57
100 3 58
100 4 59
100 5 60
100 6 61
100 7 62
100 8 63
100 9 64
100 A 65
100 B 66
100 C 67
100 D 68
100 E 69
100 F 70
100 G 71
100 H 72
100 I 73
100 J 74
100 K 75
100 L 76
100 M 77
100 N 78
100 O 79
100 P 80
100 Q 81
100 R 82
100 S 83
100 T 84
100 U 85
100 V 86
100 W 87
100 X 88
100 Y 89
100 Z 90
100 _ 91
100 a 92
100 b 93
100 c 94
100 d 95
100 e 96
100 f 97
100 g 98
100 h 99
100 i 100
100 j 101
100 k 102
100 l 103
100 m 104
100 n 105
100 o 106
100 p 107
100 q 108
100 r 109
100 s 110
100 t 111
100 u 112
100 v 113
100 w 114
100 x 115
100 y 116
100 z 117
101 0 55
101 1 56
101 2 57
101 3 58
101 4 59
101 5 60
101 6 61
101 7 62
101 8 63
101 9 64
101 A 65
101 B 66
101 C 67
101 D 68
101 E 69
101 F 70
101 G 71
101 H 72
101 I 73
101 J 74
101 K 75
101 L 76
101 M 77
101 N 78
101 O 79
101 P 80
101 Q 81
101 R 82
101 S 83
101 T 84
101 U 85
101 V 86
101 W 87
101 X 88
101 Y 89
101 Z 90
101 _ 91
101 a 92
101 b 93
101 c 94
101 d 95
101 e 96
101 f 97
101 g 98
101 h 99
101 i 100
101 j 101
101 k 102
101 l 103
101 m 104
101 n 105
101 o 106
101 p 107
101 q 108
101 r 109
101 s 110
101 t 111
101 u 112
101 v 113
101 w 114
101 x 115
101 y 116
101 z 117
102 0 55
102 1 56
102 2 57
102 3 58
102 4 59
102 5 60
102 6 61
102 7 62
102 8 63
102 9 64
102 A 65
102 B 66
102 C 67
102 D 68
102 E 69
102 F 70
102 G 71
102 H 72
102 I 73
102 J 74
102 K 75
102 L 76
102 M 77
102 N 78
102 O 79
102 P 80
102 Q 81
102 R 82
102 S 83
102 T 84
102 U 85
102 V 86
102 W 87
102 X 88
102 Y 89
102 Z 90
102 _ 91
102 a 92
102 b 93
102 c 94
102 d 95
102 e 96
102 f 97
102 g 98
102 h 99
102 i 100
102 j 101
102 k 102
102 l 103
102 m 104
102 n 105
102 o 106
102 p 107
102 q 108
102 r 109
102 s 110
102 t 111
102 u 112
102 v 113
102 w 114
102 x 115
102 y 116
102 z 117
103 0 55
103 1 56
103 2 57
103 3 58
103 4 59
103 5 60
103 6 61
103 7 62
103 8 63
103 9 64
103 A 65
103 B 66
103 C 67
103 D 68
103 E 69
103 F 70
103 G 71
103 H 72
103 I 73
103 J 74
103 K 75
103 L 76
103 M 77
103 N 78
103 O 79
103 P 80
103 Q 81
103 R 82
103 S 83
103 T 84
103 U 85
103 V 86
103 W 87
103 X 88
103 Y 89
103 Z 90
103 _ 91
103 a 92
103 b 93
103 c 94
103 d 95
103 e 96
103 f 97
103 g 98
103 h 99
103 i 100
103 j 101
103 k 102
103 l 103
103 m 104
103 n 105
103 o 106
103 p 107
103 q 108
103 r 109
103 s 110
103 t 111
103 u 112
103 v 113
103 w 114
103 x 115
103 y 116
103 z 117
104 0 55
104 1 56
104 2 57
104 3 58
104 4 59
104 5 60
104 6 61
104 7 62
104 8 63
104 9 64
104 A 65
104 B 66
104 C 67
104 D 68
104 E 69
104 F 70
104 G 71
104 H 72
104 I 73
104 J 74
104 K 75
104 L 76
104 M 77
104 N 78
104 O 79
104 P 80
104 Q 81
104 R 82
104 S 83
104 T 84
104 U 85
104 V 86
104 W 87
104 X 88
104 Y 89
104 Z 90
104 _ 91
104 a 92
104 b 93
104 c 94
104 d 95
104 e 96
104 f 97
104 g 98
104 h 99
104 i 100
104 j 101
104 k 102
104 l 103
104 m 104
104 n 105
104 o 106
104 p 107
104 q 108
104 r 109
104 s 110
104 t 111
104 u 112
104 v 113
104 w 114
104 x 115
104 y 116
104 z 117
105 0 55
105 1 56
105 2 57
105 3 58
105 4 59
105 5 60
105 6 61
105 7 62
105 8 63
105 9 64
105 A 65
105 B 66
105 C 67
105 D 68
105 E 69
105 F 70
105 G 71
105 H 72
105 I 73
105 J 74
105 K 75
105 L 76
105 M 77
105 N 78
105 O 79
105 P 80
105 Q 81
105 R 82
105 S 83
105 T 84
105 U 85
105 V 86
105 W 87
105 X 88
105 Y 89
105 Z 90
105 _ 91
105 a 92
105 b 93
105 c 94
105 d 95
105 e 96
105 f 97
105 g 98
105 h 99
105 i 100
105 j 101
105 k 102
105 l 103
105 m 104
105 n 105
105 o 106
105 p 107
105 q 108
105 r 109
105 s 110
105 t 111
105 u 112
105 v 113
105 w 114
105 x 115
105 y 116
105 z 117
106 0 55
106 1 56
106 2 57
106 3 58
106 4 59
106 5 60
106 6 61
106 7 62
106 8 63
106 9 64
106 A 65
106 B 66
106 C 67
106 D 68
106 E 69
106 F 70
106 G 71
106 H 72
106 I 73
106 J 74
106 K 75
106 L 76
106 M 77
106 N 78
106 O 79
106 P 80
106 Q 81
106 R 82
106 S 83
106 T 84
106 U 85
106 V 86
106 W 87
106 X 88
106 Y 89
106 Z 90
106 _ 91
106 a 92
106 b 93
106 c 94
106 d 95
106 e 96
106 f 97
106 g 98
106 h 99
106 i 100
106 j 101
106 k 102
106 l 103
106 m 104
106 n 105
106 o 106
106 p 107
106 q 108
106 r 109
106 s 110
106 t 111
106 u 112
106 v 113
106 w 114
106 x 115
106 y 116
106 z 117
107 0 55
107 1 56
107 2 57
107 3 58
107 4 59
107 5 60
107 6 61
107 7 62
107 8 63
107 9 64
107 A 65
107 B 66
107 C 67
107 D 68
107 E 69
107 F 70
107 G 71
107 H 72
107 I 73
107 J 74
107 K 75
107 L 76
107 M 77
107 N 78
107 O 79
107 P 80
107 Q 81
107 R 82
107 S 83
107 T 84
107 U 85
107 V 86
107 W 87
107 X 88
107 Y 89
107 Z 90
107 _ 91
107 a 92
107 b 93
107 c 94
107 d 95
107 e 96
107 f 97
107 g 98
107 h 99
107 i 100
107 j 101
107 k 102
107 l 103
107 m 104
107 n 105
107 o 106
107 p 107
107 q 108
107 r 109
107 s 110
107 t 111
107 u 112
107 v 113
107 w 114
107 x 115
107 y 116
107 z 117
108 0 55
108 1 56
108 2 57
108 3 58
108 4 59
108 5 60
108 6 61
108 7 62
108 8 63
108 9 64
108 A 65
108 B 66
108 C 67
108 D 68
108 E 69
108 F 70
108 G 71
108 H 72
108 I 73
108 J 74
108 K 75
108 L 76
108 M 77
108 N 78
108 O 79
108 P 80
108 Q 81
108 R 82
108 S 83
108 T 84
108 U 85
108 V 86
108 W 87
108 X 88
108 Y 89
108 Z 90
108 _ 91
108 a 92
108 b 93
108 c 94
108 d 95
108 e 96
108 f 97
108 g 98
108 h 99
108 i 100
108 j 101
108 k 102
108 l 103
108 m 104
108 n 105
108 o 106
108 p 107
108 q 108
108 r 109
108 s 110
108 t 111
108 u 112
108 v 113
108 w 114
108 x 115
108 y 116
108 z 117
109 0 55
109 1 56
109 2 57
109 3 58
109 4 59
109 5 60
109 6 61
109 7 62
109 8 63
109 9 64
109 A 65
109 B 66
109 C 67
109 D 68
109 E 69
109 F 70
109 G 71
109 H 72
109 I 73
109 J 74
109 K 75
109 L 76
109 M 77
109 N 78
109 O 79
109 P 80
109 Q 81
109 R 82
109 S 83
109 T 84
109 U 85
109 V 86
109 W 87
109 X 88
109 Y 89
109 Z 90
109 _ 91
109 a 92
109 b 93
109 c 94
109 d 95
109 e 96
109 f 97
109 g 98
109 h 99
109 i 100
109 j 101
109 k 102
109 l 103
109 m 104
109 n 105
109 o 106
109 p 107
109 q 108
109 r 109
109 s 110
109 t 111
109 u 112
109 v 113
109 w 114
109 x 115
109 y 116
109 z 117
110 0 55
110 1 56
110 2 57
110 3 58
110 4 59
110 5 60
110 6 61
110 7 62
110 8 63
110 9 64
110 A 65
110 B 66
110 C 67
110 D 68
110 E 69
110 F 70
110 G 71
110 H 72
110 I 73
110 J 74
110 K 75
110 L 76
110 M 77
110 N 78
110 O 79
110 P 80
110 Q 81
110 R 82
110 S 83
110 T 84
110 U 85
110 V 86
110 W 87
110 X 88
110 Y 89
110 Z 90
110 _ 91
110 a 92
110 b 93
110 c 94
110 d 95
110 e 96
110 f 97
110 g 98
110 h 99
110 i 100
110 j 101
110 k 102
110 l 103
110 m 104
110 n 105
110 o 106
110 p 107
110 q 108
110 r 109
110 s 110
110 t 111
110 u 112
110 v 113
110 w 114
110 x 115
110 y 116
110 z 117
111 0 55
111 1 56
111 2 57
111 3 58
111 4 59
111 5 60
111 6 61
111 7 62
111 8 63
111 9 64
111 A 65
111 B 66
111 C 67
111 D 68
111 E 69
111 F 70
111 G 71
111 H 72
111 I 73
111 J 74
111 K 75
111 L 76
111 M 77
111 N 78
111 O 79
111 P 80
111 Q 81
111 R 82
111 S 83
111 T 84
111 U 85
111 V 86
111 W 87
111 X 88
111 Y 89
111 Z 90
111 _ 91
111 a 92
111 b 93
111 c 94
111 d 95
111 e 96
111 f 97
111 g 98
111 h 99
111 i 100
111 j 101
111 k 102
111 l 103
111 m 104
111 n 105
111 o 106
111 p 107
111 q 108
111 r 109
111 s 110
111 t 111
111 u 112
111 v 113
111 w 114
111 x 115
111 y 116
111 z 117
112 0 55
112 1 56
112 2 57
112 3 58
112 4 59
112 5 60
112 6 61
112 7 62
112 8 63
112 9 64
112 A 65
112 B 66
112 C 67
112 D 68
112 E 69
112 F 70
112 G 71
112 H 72
112 I 73
112 J 74
112 K 75
112 L 76
112 M 77
112 N 78
112 O 79
112 P 80
112 Q 81
112 R 82
112 S 83
112 T 84
112 U 85
112 V 86
112 W 87
112 X 88
112 Y 89
112 Z 90
112 _ 91
112 a 92
112 b 93
112 c 94
112 d 95
112 e 96
112 f 97
112 g 98
112 h 99
112 i 100
112 j 101
112 k 102
112 l 103
112 m 104
112 n 105
112 o 106
112 p 107
112 q 108
112 r 109
112 s 110
112 t 111
112 u 112
112 v 113
112 w 114
112 x 115
112 y 116
112 z 117
113 0 55
113 1 56
113 2 57
113 3 58
113 4 59
113 5 60
113 6 61
113 7 62
113 8 63
113 9 64
113 A 65
113 B 66
113 C 67
113 D 68
113 E 69
113 F 70
113 G 71
113 H 72
113 I 73
113 J 74
113 K 75
113 L 76
113 M 77
113 N 78
113 O 79
113 P 80
113 Q 81
113 R 82
113 S 83
113 T 84
113 U 85
113 V 86
113 W 87
113 X 88
113 Y 89
113 Z 90
113 _ 91
113 a 92
113 b 93
113 c 94
113 d 95
113 e 96
113 f 97
113 g 98
113 h 99
113 i 100
113 j 101
113 k 102
113 l 103
113 m 104
113 n 105
113 o 106
113 p 107
113 q 108
113 r 109
113 s 110
113 t 111
113 u 112
113 v 113
113 w 114
113 x 115
113 y 116
113 z 117
114 0 55
114 1 56
114 2 57
114 3 58
114 4 59
114 5 60
114 6 61
114 7 62
114 8 63
114 9 64
114 A 65
114 B 66
114 C 67
114 D 68
114 E 69
114 F 70
114 G 71
114 H 72
114 I 73
114 J 74
114 K 75
114 L 76
114 M 77
114 N 78
114 O 79
114 P 80
114 Q 81
114 R 82
114 S 83
114 T 84
114 U 85
114 V 86
114 W 87
114 X 88
114 Y 89
114 Z 90
114 _ 91
114 a 92
114 b 93
114 c 94
114 d 95
114 e 96
114 f 97
114 g 98
114 h 99
114 i 100
114 j 101
114 k 102
114 l 103
114 m 104
114 n 105
114 o 106
114 p 107
114 q 108
114 r 109
114 s 110
114 t 111
114 u 112
114 v 113
114 w 114
114 x 115
114 y 116
114 z 117
115 0 55
115 1 56
115 2 57
115 3 58
115 4 59
115 5 60
115 6 61
115 7 62
115 8 63
115 9 64
115 A 65
115 B 66
115 C 67
115 D 68
115 E 69
115 F 70
115 G 71
115 H 72
115 I 73
115 J 74
115 K 75
115 L 76
115 M 77
115 N 78
115 O 79
115 P 80
115 Q 81
115 R 82
115 S 83
115 T 84
115 U 85
115 V 86
115 W 87
115 X 88
115 Y 89
115 Z 90
115 _ 91
115 a 92
115 b 93
115 c 94
115 d 95
115 e 96
115 f 97
115 g 98
115 h 99
115 i 100
115 j 101
115 k 102
115 l 103
115 m 104
115 n 105
115 o 106
115 p 107
115 q 108
115 r 109
115 s 110
115 t 111
115 u 112
115 v 113
115 w 114
115 x 115
115 y 116
115 z 117
116 0 55
116 1 56
116 2 57
116 3 58
116 4 59
116 5 60
116 6 61
116 7 62
116 8 63
116 9 64
116 A 65
116 B 66
116 C 67
116 D 68
116 E 69
116 F 70
116 G 71
116 H 72
116 I 73
116 J 74
116 K 75
116 L 76
116 M 77
116 N 78
116 O 79
116 P 80
116 Q 81
116 R 82
116 S 83
116 T 84
116 U 85
116 V 86
116 W 87
116 X 88
116 Y 89
116 Z 90
116 _ 91
116 a 92
116 b 93
116 c 94
116 d 95
116 e 96
116 f 97
116 g 98
116 h 99
116 i 100
116 j 101
116 k 102
116 l 103
116 m 104
116 n 105
116 o 106
116 p 107
116 q 108
116 r 109
116 s 110
116 t 111
116 u 112
116 v 113
116 w 114
116 x 115
116 y 116
116 z 117
117 0 55
117 1 56
117 2 57
117 3 58
117 4 59
117 5 60
117 6 61
117 7 62
117 8 63
117 9 64
117 A 65
117 B 66
117 C 67
117 D 68
117 E 69
117 F 70
117 G 71
117 H 72
117 I 73
117 J 74
117 K 75
117 L 76
117 M 77
117 N 78
117 O 79
117 P 80
117 Q 81
117 R 82
117 S 83
117 T 84
117 U 85
117 V 86
117 W 87
117 X 88
117 Y 89
117 Z 90
117 _ 91
117 a 92
117 b 93
117 c 94
117 d 95
117 e 96
117 f 97
117 g 98
117 h 99
117 i 100
117 j 101
117 k 102
117 l 103
117 m 104
117 n 105
117 o 106
117 p 107
117 q 108
117 r 109
117 s 110
117 t 111
117 u 112
117 v 113
117 w 114
117 x 115
117 y 116
117 z 117
